0.917822 0 0 2 5 3
0.917827 -1.60818e-05 -1.60818e-05 2 5 3
0.91781 5.42272e-05 5.42272e-05 2 5 3
0.917792 0.000137257 0.000137257 2 5 3
0.917754 0.000303315 0.000303315 2 5 3
0.91768 0.000635424 0.000635424 2 5 3
0.917563 0.00115434 0.00115434 2 5 3
0.917446 0.00167325 0.00167325 2 5 3
0.917328 0.00219215 0.00219215 2 5 3
0.917211 0.00271105 0.00271105 2 5 3
0.917093 0.00322995 0.00322995 2 5 3
0.916975 0.00374884 0.00374884 2 5 3
0.916857 0.00426773 0.00426773 2 5 3
0.916739 0.00478661 0.00478661 2 5 3
0.91662 0.00530549 0.00530549 2 5 3
0.916502 0.00582437 0.00582437 2 5 3
0.916383 0.00634324 0.00634324 2 5 3
0.916264 0.00686211 0.00686211 2 5 3
0.916144 0.00738097 0.00738097 2 5 3
0.916025 0.00789984 0.00789984 2 5 3
0.915905 0.0084187 0.0084187 2 5 3
0.915785 0.00893755 0.00893755 2 5 3
0.915665 0.00945641 0.00945641 2 5 3
0.915545 0.00997526 0.00997526 2 5 3
0.915424 0.0104941 0.0104941 2 5 3
0.915304 0.011013 0.011013 2 5 3
0.915183 0.0115318 0.0115318 2 5 3
0.915061 0.0120507 0.0120507 2 5 3
0.91494 0.0125695 0.0125695 2 5 3
0.914819 0.0130883 0.0130883 2 5 3
0.914697 0.0136072 0.0136072 2 5 3
0.914575 0.014126 0.014126 2 5 3
0.914453 0.0146449 0.0146449 2 5 3
0.91433 0.0151637 0.0151637 2 5 3
0.914208 0.0156825 0.0156825 2 5 3
0.914085 0.0162014 0.0162014 2 5 3
0.913962 0.0167202 0.0167202 2 5 3
0.913839 0.017239 0.017239 2 5 3
0.913715 0.0177579 0.0177579 2 5 3
0.913592 0.0182767 0.0182767 2 5 3
0.913468 0.0187956 0.0187956 2 5 3
0.913344 0.0193144 0.0193144 2 5 3
0.91322 0.0198332 0.0198332 2 5 3
0.913095 0.0203521 0.0203521 2 5 3
0.91297 0.0208709 0.0208709 2 5 3
0.912846 0.0213898 0.0213898 2 5 3
0.91272 0.0219086 0.0219086 2 5 3
0.912595 0.0224275 0.0224275 2 5 3
0.91247 0.0229463 0.0229463 2 5 3
0.912344 0.0234651 0.0234651 2 5 3
0.912218 0.023984 0.023984 2 5 3
0.912092 0.0245029 0.0245029 2 5 3
0.911965 0.0250217 0.0250217 2 5 3
0.911839 0.0255406 0.0255406 2 5 3
0.911712 0.0260594 0.0260594 2 5 3
0.911585 0.0265783 0.0265783 2 5 3
0.911458 0.0270971 0.0270971 2 5 3
0.91133 0.027616 0.027616 2 5 3
0.911203 0.0281349 0.0281349 2 5 3
0.911075 0.0286538 0.0286538 2 5 3
0.910947 0.0291726 0.0291726 2 5 3
0.910818 0.0296915 0.0296915 2 5 3
0.91069 0.0302104 0.0302104 2 5 3
0.910561 0.0307293 0.0307293 2 5 3
0.910432 0.0312482 0.0312482 2 5 3
0.910303 0.0317671 0.0317671 2 5 3
0.910173 0.032286 0.032286 2 5 3
0.910044 0.0328049 0.0328049 2 5 3
0.909914 0.0333238 0.0333238 2 5 3
0.909784 0.0338427 0.0338427 2 5 3
0.909653 0.0343616 0.0343616 2 5 3
0.909523 0.0348805 0.0348805 2 5 3
0.909392 0.0353994 0.0353994 2 5 3
0.909261 0.0359184 0.0359184 2 5 3
0.90913 0.0364373 0.0364373 2 5 3
0.908998 0.0369563 0.0369563 2 5 3
0.908867 0.0374752 0.0374752 2 5 3
0.908735 0.0379941 0.0379941 2 5 3
0.908603 0.0385131 0.0385131 2 5 3
0.908471 0.0390321 0.0390321 2 5 3
0.908338 0.039551 0.039551 2 5 3
0.908205 0.04007 0.04007 2 5 3
0.908072 0.040589 0.040589 2 5 3
0.907939 0.041108 0.041108 2 5 3
0.907806 0.041627 0.041627 2 5 3
0.907672 0.042146 0.042146 2 5 3
0.907538 0.042665 0.042665 2 5 3
0.907404 0.043184 0.043184 2 5 3
0.907269 0.043703 0.043703 2 5 3
0.907135 0.044222 0.044222 2 5 3
0.907 0.044741 0.044741 2 5 3
0.906865 0.0452601 0.0452601 2 5 3
0.90673 0.0457791 0.0457791 2 5 3
0.906594 0.0462982 0.0462982 2 5 3
0.906458 0.0468172 0.0468172 2 5 3
0.906322 0.0473363 0.0473363 2 5 3
0.906186 0.0478554 0.0478554 2 5 3
0.90605 0.0483744 0.0483744 2 5 3
0.905913 0.0488935 0.0488935 2 5 3
0.905776 0.0494126 0.0494126 2 5 3
0.905639 0.0499317 0.0499317 2 5 3
0.905502 0.0504508 0.0504508 2 5 3
0.905364 0.0509699 0.0509699 2 5 3
0.905226 0.0514891 0.0514891 2 5 3
0.905088 0.0520082 0.0520082 2 5 3
0.90495 0.0525273 0.0525273 2 5 3
0.904811 0.0530465 0.0530465 2 5 3
0.904672 0.0535657 0.0535657 2 5 3
0.904533 0.0540848 0.0540848 2 5 3
0.904394 0.054604 0.054604 2 5 3
0.904255 0.0551232 0.0551232 2 5 3
0.904115 0.0556424 0.0556424 2 5 3
0.903975 0.0561616 0.0561616 2 5 3
0.903835 0.0566808 0.0566808 2 5 3
0.903694 0.0572 0.0572 2 5 3
0.903554 0.0577192 0.0577192 2 5 3
0.903413 0.0582385 0.0582385 2 5 3
0.903271 0.0587577 0.0587577 2 5 3
0.90313 0.059277 0.059277 2 5 3
0.902988 0.0597962 0.0597962 2 5 3
0.902846 0.0603155 0.0603155 2 5 3
0.902704 0.0608348 0.0608348 2 5 3
0.902562 0.0613541 0.0613541 2 5 3
0.902419 0.0618734 0.0618734 2 5 3
0.902276 0.0623927 0.0623927 2 5 3
0.902133 0.062912 0.062912 2 5 3
0.90199 0.0634313 0.0634313 2 5 3
0.901846 0.0639507 0.0639507 2 5 3
0.901702 0.06447 0.06447 2 5 3
0.901558 0.0649894 0.0649894 2 5 3
0.901414 0.0655087 0.0655087 2 5 3
0.901269 0.0660281 0.0660281 2 5 3
0.901124 0.0665475 0.0665475 2 5 3
0.900979 0.0670669 0.0670669 2 5 3
0.900834 0.0675863 0.0675863 2 5 3
0.900688 0.0681057 0.0681057 2 5 3
0.900543 0.0686252 0.0686252 2 5 3
0.900396 0.0691446 0.0691446 2 5 3
0.90025 0.0696641 0.0696641 2 5 3
0.900104 0.0701835 0.0701835 2 5 3
0.899957 0.070703 0.070703 2 5 3
0.89981 0.0712225 0.0712225 2 5 3
0.899662 0.071742 0.071742 2 5 3
0.899515 0.0722615 0.0722615 2 5 3
0.899367 0.072781 0.072781 2 5 3
0.899219 0.0733005 0.0733005 2 5 3
0.89907 0.07382 0.07382 2 5 3
0.898922 0.0743396 0.0743396 2 5 3
0.898773 0.0748591 0.0748591 2 5 3
0.898624 0.0753787 0.0753787 2 5 3
0.898474 0.0758983 0.0758983 2 5 3
0.898325 0.0764179 0.0764179 2 5 3
0.898175 0.0769375 0.0769375 2 5 3
0.898025 0.0774571 0.0774571 2 5 3
0.897874 0.0779767 0.0779767 2 5 3
0.897724 0.0784963 0.0784963 2 5 3
0.897573 0.079016 0.079016 2 5 3
0.897422 0.0795356 0.0795356 2 5 3
0.89727 0.0800553 0.0800553 2 5 3
0.897118 0.0805749 0.0805749 2 5 3
0.896966 0.0810946 0.0810946 2 5 3
0.896814 0.0816143 0.0816143 2 5 3
0.896662 0.082134 0.082134 2 5 3
0.896509 0.0826537 0.0826537 2 5 3
0.896356 0.0831735 0.0831735 2 5 3
0.896203 0.0836932 0.0836932 2 5 3
0.896049 0.084213 0.084213 2 5 3
0.895896 0.0847327 0.0847327 2 5 3
0.895741 0.0852525 0.0852525 2 5 3
0.895587 0.0857723 0.0857723 2 5 3
0.895433 0.0862921 0.0862921 2 5 3
0.895278 0.0868119 0.0868119 2 5 3
0.895123 0.0873317 0.0873317 2 5 3
0.894967 0.0878515 0.0878515 2 5 3
0.894812 0.0883714 0.0883714 2 5 3
0.894656 0.0888912 0.0888912 2 5 3
0.8945 0.0894111 0.0894111 2 5 3
0.894343 0.089931 0.089931 2 5 3
0.894186 0.0904508 0.0904508 2 5 3
0.894029 0.0909707 0.0909707 2 5 3
0.893872 0.0914906 0.0914906 2 5 3
0.893715 0.0920106 0.0920106 2 5 3
0.893557 0.0925305 0.0925305 2 5 3
0.893399 0.0930504 0.0930504 2 5 3
0.893241 0.0935704 0.0935704 2 5 3
0.893082 0.0940903 0.0940903 2 5 3
0.892923 0.0946103 0.0946103 2 5 3
0.892764 0.0951303 0.0951303 2 5 3
0.892605 0.0956503 0.0956503 2 5 3
0.892445 0.0961703 0.0961703 2 5 3
0.892285 0.0966903 0.0966903 2 5 3
0.892125 0.0972103 0.0972103 2 5 3
0.891964 0.0977304 0.0977304 2 5 3
0.891804 0.0982504 0.0982504 2 5 3
0.891643 0.0987705 0.0987705 2 5 3
0.891481 0.0992906 0.0992906 2 5 3
0.89132 0.0998106 0.0998106 2 5 3
0.891158 0.100331 0.100331 2 5 3
0.890996 0.100851 0.100851 2 5 3
0.890833 0.101371 0.101371 2 5 3
0.890671 0.101891 0.101891 2 5 3
0.890508 0.102411 0.102411 2 5 3
0.890344 0.102931 0.102931 2 5 3
0.890181 0.103451 0.103451 2 5 3
0.890017 0.103972 0.103972 2 5 3
0.889853 0.104492 0.104492 2 5 3
0.889689 0.105012 0.105012 2 5 3
0.889524 0.105532 0.105532 2 5 3
0.889359 0.106052 0.106052 2 5 3
0.889194 0.106573 0.106573 2 5 3
0.889028 0.107093 0.107093 2 5 3
0.888862 0.107613 0.107613 2 5 3
0.888696 0.108133 0.108133 2 5 3
0.88853 0.108654 0.108654 2 5 3
0.888363 0.109174 0.109174 2 5 3
0.888197 0.109694 0.109694 2 5 3
0.888029 0.110214 0.110214 2 5 3
0.887862 0.110735 0.110735 2 5 3
0.887694 0.111255 0.111255 2 5 3
0.887526 0.111775 0.111775 2 5 3
0.887358 0.112296 0.112296 2 5 3
0.887189 0.112816 0.112816 2 5 3
0.88702 0.113336 0.113336 2 5 3
0.886851 0.113857 0.113857 2 5 3
0.886682 0.114377 0.114377 2 5 3
0.886512 0.114897 0.114897 2 5 3
0.886342 0.115418 0.115418 2 5 3
0.886171 0.115938 0.115938 2 5 3
0.886001 0.116459 0.116459 2 5 3
0.88583 0.116979 0.116979 2 5 3
0.885659 0.117499 0.117499 2 5 3
0.885487 0.11802 0.11802 2 5 3
0.885315 0.11854 0.11854 2 5 3
0.885143 0.119061 0.119061 2 5 3
0.884971 0.119581 0.119581 2 5 3
0.884798 0.120102 0.120102 2 5 3
0.884625 0.120622 0.120622 2 5 3
0.884452 0.121143 0.121143 2 5 3
0.884278 0.121663 0.121663 2 5 3
0.884104 0.122184 0.122184 2 5 3
0.88393 0.122704 0.122704 2 5 3
0.883756 0.123225 0.123225 2 5 3
0.883581 0.123745 0.123745 2 5 3
0.883406 0.124266 0.124266 2 5 3
0.883231 0.124786 0.124786 2 5 3
0.883055 0.125307 0.125307 2 5 3
0.882879 0.125827 0.125827 2 5 3
0.882703 0.126348 0.126348 2 5 3
0.882526 0.126868 0.126868 2 5 3
0.88235 0.127389 0.127389 2 5 3
0.882173 0.127909 0.127909 2 5 3
0.881995 0.12843 0.12843 2 5 3
0.881817 0.128951 0.128951 2 5 3
0.881639 0.129471 0.129471 2 5 3
0.881461 0.129992 0.129992 2 5 3
0.881282 0.130512 0.130512 2 5 3
0.881103 0.131033 0.131033 2 5 3
0.880924 0.131554 0.131554 2 5 3
0.880745 0.132074 0.132074 2 5 3
0.880565 0.132595 0.132595 2 5 3
0.880385 0.133115 0.133115 2 5 3
0.880204 0.133636 0.133636 2 5 3
0.880024 0.134157 0.134157 2 5 3
0.879842 0.134677 0.134677 2 5 3
0.879661 0.135198 0.135198 2 5 3
0.879479 0.135719 0.135719 2 5 3
0.879297 0.136239 0.136239 2 5 3
0.879115 0.13676 0.13676 2 5 3
0.878933 0.137281 0.137281 2 5 3
0.87875 0.137801 0.137801 2 5 3
0.878566 0.138322 0.138322 2 5 3
0.878383 0.138843 0.138843 2 5 3
0.878199 0.139363 0.139363 2 5 3
0.878015 0.139884 0.139884 2 5 3
0.877831 0.140405 0.140405 2 5 3
0.877646 0.140925 0.140925 2 5 3
0.877461 0.141446 0.141446 2 5 3
0.877275 0.141967 0.141967 2 5 3
0.87709 0.142487 0.142487 2 5 3
0.876904 0.143008 0.143008 2 5 3
0.876717 0.143529 0.143529 2 5 3
0.876531 0.144049 0.144049 2 5 3
0.876344 0.14457 0.14457 2 5 3
0.876157 0.145091 0.145091 2 5 3
0.875969 0.145612 0.145612 2 5 3
0.875781 0.146132 0.146132 2 5 3
0.875593 0.146653 0.146653 2 5 3
0.875404 0.147174 0.147174 2 5 3
0.875216 0.147694 0.147694 2 5 3
0.875026 0.148215 0.148215 2 5 3
0.874837 0.148736 0.148736 2 5 3
0.874647 0.149257 0.149257 2 5 3
0.874457 0.149777 0.149777 2 5 3
0.874267 0.150298 0.150298 2 5 3
0.874076 0.150819 0.150819 2 5 3
0.873885 0.151339 0.151339 2 5 3
0.873694 0.15186 0.15186 2 5 3
0.873502 0.152381 0.152381 2 5 3
0.87331 0.152901 0.152901 2 5 3
0.873117 0.153422 0.153422 2 5 3
0.872925 0.153943 0.153943 2 5 3
0.872732 0.154464 0.154464 2 5 3
0.872539 0.154984 0.154984 2 5 3
0.872345 0.155505 0.155505 2 5 3
0.872151 0.156026 0.156026 2 5 3
0.871957 0.156546 0.156546 2 5 3
0.871762 0.157067 0.157067 2 5 3
0.871567 0.157588 0.157588 2 5 3
0.871372 0.158108 0.158108 2 5 3
0.871176 0.158629 0.158629 2 5 3
0.870981 0.15915 0.15915 2 5 3
0.870784 0.15967 0.15967 2 5 3
0.870588 0.160191 0.160191 2 5 3
0.870391 0.160712 0.160712 2 5 3
0.870194 0.161232 0.161232 2 5 3
0.869996 0.161753 0.161753 2 5 3
0.869798 0.162274 0.162274 2 5 3
0.8696 0.162794 0.162794 2 5 3
0.869402 0.163315 0.163315 2 5 3
0.869203 0.163836 0.163836 2 5 3
0.869004 0.164356 0.164356 2 5 3
0.868804 0.164877 0.164877 2 5 3
0.868604 0.165397 0.165397 2 5 3
0.868404 0.165918 0.165918 2 5 3
0.868204 0.166439 0.166439 2 5 3
0.868003 0.166959 0.166959 2 5 3
0.867802 0.16748 0.16748 2 5 3
0.8676 0.168 0.168 2 5 3
0.867399 0.168521 0.168521 2 5 3
0.867196 0.169041 0.169041 2 5 3
0.866994 0.169562 0.169562 2 5 3
0.866791 0.170082 0.170082 2 5 3
0.866588 0.170603 0.170603 2 5 3
0.866384 0.171123 0.171123 2 5 3
0.866181 0.171644 0.171644 2 5 3
0.865977 0.172164 0.172164 2 5 3
0.865772 0.172685 0.172685 2 5 3
0.865567 0.173205 0.173205 2 5 3
0.865362 0.173726 0.173726 2 5 3
0.865157 0.174246 0.174246 2 5 3
0.864951 0.174767 0.174767 2 5 3
0.864745 0.175287 0.175287 2 5 3
0.864538 0.175807 0.175807 2 5 3
0.864331 0.176328 0.176328 2 5 3
0.864124 0.176848 0.176848 2 5 3
0.863917 0.177369 0.177369 2 5 3
0.863709 0.177889 0.177889 2 5 3
0.8635 0.178409 0.178409 2 5 3
0.863292 0.17893 0.17893 2 5 3
0.863083 0.17945 0.17945 2 5 3
0.862874 0.17997 0.17997 2 5 3
0.862664 0.18049 0.18049 2 5 3
0.862454 0.181011 0.181011 2 5 3
0.862244 0.181531 0.181531 2 5 3
0.862033 0.182051 0.182051 2 5 3
0.861823 0.182571 0.182571 2 5 3
0.861611 0.183091 0.183091 2 5 3
0.8614 0.183612 0.183612 2 5 3
0.861188 0.184132 0.184132 2 5 3
0.860975 0.184652 0.184652 2 5 3
0.860763 0.185172 0.185172 2 5 3
0.86055 0.185692 0.185692 2 5 3
0.860336 0.186212 0.186212 2 5 3
0.860123 0.186732 0.186732 2 5 3
0.859909 0.187252 0.187252 2 5 3
0.859694 0.187772 0.187772 2 5 3
0.85948 0.188292 0.188292 2 5 3
0.859264 0.188812 0.188812 2 5 3
0.859049 0.189332 0.189332 2 5 3
0.858833 0.189852 0.189852 2 5 3
0.858617 0.190372 0.190372 2 5 3
0.858401 0.190892 0.190892 2 5 3
0.858184 0.191412 0.191412 2 5 3
0.857967 0.191932 0.191932 2 5 3
0.857749 0.192451 0.192451 2 5 3
0.857531 0.192971 0.192971 2 5 3
0.857313 0.193491 0.193491 2 5 3
0.857095 0.194011 0.194011 2 5 3
0.856876 0.19453 0.19453 2 5 3
0.856656 0.19505 0.19505 2 5 3
0.856437 0.19557 0.19557 2 5 3
0.856217 0.196089 0.196089 2 5 3
0.855996 0.196609 0.196609 2 5 3
0.855776 0.197129 0.197129 2 5 3
0.855555 0.197648 0.197648 2 5 3
0.855333 0.198168 0.198168 2 5 3
0.855112 0.198687 0.198687 2 5 3
0.85489 0.199207 0.199207 2 5 3
0.854667 0.199726 0.199726 2 5 3
0.854444 0.200245 0.200245 2 5 3
0.854221 0.200765 0.200765 2 5 3
0.853998 0.201284 0.201284 2 5 3
0.853774 0.201803 0.201803 2 5 3
0.85355 0.202323 0.202323 2 5 3
0.853325 0.202842 0.202842 2 5 3
0.8531 0.203361 0.203361 2 5 3
0.852875 0.20388 0.20388 2 5 3
0.852649 0.2044 0.2044 2 5 3
0.852423 0.204919 0.204919 2 5 3
0.852197 0.205438 0.205438 2 5 3
0.85197 0.205957 0.205957 2 5 3
0.851743 0.206476 0.206476 2 5 3
0.851516 0.206995 0.206995 2 5 3
0.851288 0.207514 0.207514 2 5 3
0.85106 0.208033 0.208033 2 5 3
0.850831 0.208552 0.208552 2 5 3
0.850602 0.20907 0.20907 2 5 3
0.850373 0.209589 0.209589 2 5 3
0.850143 0.210108 0.210108 2 5 3
0.849914 0.210627 0.210627 2 5 3
0.849683 0.211145 0.211145 2 5 3
0.849453 0.211664 0.211664 2 5 3
0.849222 0.212183 0.212183 2 5 3
0.84899 0.212701 0.212701 2 5 3
0.848758 0.21322 0.21322 2 5 3
0.848526 0.213738 0.213738 2 5 3
0.848294 0.214257 0.214257 2 5 3
0.848061 0.214775 0.214775 2 5 3
0.847828 0.215293 0.215293 2 5 3
0.847594 0.215812 0.215812 2 5 3
0.84736 0.21633 0.21633 2 5 3
0.847126 0.216848 0.216848 2 5 3
0.846891 0.217366 0.217366 2 5 3
0.846656 0.217884 0.217884 2 5 3
0.846421 0.218402 0.218402 2 5 3
0.846185 0.218921 0.218921 2 5 3
0.845949 0.219438 0.219438 2 5 3
0.845713 0.219956 0.219956 2 5 3
0.845476 0.220474 0.220474 2 5 3
0.845238 0.220992 0.220992 2 5 3
0.845001 0.22151 0.22151 2 5 3
0.844763 0.222028 0.222028 2 5 3
0.844525 0.222545 0.222545 2 5 3
0.844286 0.223063 0.223063 2 5 3
0.844047 0.223581 0.223581 2 5 3
0.843808 0.224098 0.224098 2 5 3
0.843568 0.224616 0.224616 2 5 3
0.843328 0.225133 0.225133 2 5 3
0.843087 0.225651 0.225651 2 5 3
0.842846 0.226168 0.226168 2 5 3
0.842605 0.226685 0.226685 2 5 3
0.842363 0.227202 0.227202 2 5 3
0.842121 0.22772 0.22772 2 5 3
0.841879 0.228237 0.228237 2 5 3
0.841636 0.228754 0.228754 2 5 3
0.841393 0.229271 0.229271 2 5 3
0.84115 0.229788 0.229788 2 5 3
0.840906 0.230305 0.230305 2 5 3
0.840662 0.230821 0.230821 2 5 3
0.840417 0.231338 0.231338 2 5 3
0.840172 0.231855 0.231855 2 5 3
0.839927 0.232372 0.232372 2 5 3
0.839681 0.232888 0.232888 2 5 3
0.839435 0.233405 0.233405 2 5 3
0.839189 0.233921 0.233921 2 5 3
0.838942 0.234438 0.234438 2 5 3
0.838695 0.234954 0.234954 2 5 3
0.838447 0.23547 0.23547 2 5 3
0.8382 0.235986 0.235986 2 5 3
0.837951 0.236502 0.236502 2 5 3
0.837703 0.237019 0.237019 2 5 3
0.837454 0.237535 0.237535 2 5 3
0.837204 0.238051 0.238051 2 5 3
0.836955 0.238566 0.238566 2 5 3
0.836704 0.239082 0.239082 2 5 3
0.836454 0.239598 0.239598 2 5 3
0.836203 0.240114 0.240114 2 5 3
0.835952 0.240629 0.240629 2 5 3
0.8357 0.241145 0.241145 2 5 3
0.835448 0.24166 0.24166 2 5 3
0.835196 0.242176 0.242176 2 5 3
0.834943 0.242691 0.242691 2 5 3
0.83469 0.243206 0.243206 2 5 3
0.834436 0.243721 0.243721 2 5 3
0.834183 0.244237 0.244237 2 5 3
0.833928 0.244752 0.244752 2 5 3
0.833674 0.245266 0.245266 2 5 3
0.833419 0.245781 0.245781 2 5 3
0.833163 0.246296 0.246296 2 5 3
0.832908 0.246811 0.246811 2 5 3
0.832652 0.247326 0.247326 2 5 3
0.832395 0.24784 0.24784 2 5 3
0.832138 0.248355 0.248355 2 5 3
0.831881 0.248869 0.248869 2 5 3
0.831624 0.249383 0.249383 2 5 3
0.831366 0.249898 0.249898 2 5 3
0.831107 0.250412 0.250412 2 5 3
0.830849 0.250926 0.250926 2 5 3
0.830589 0.25144 0.25144 2 5 3
0.83033 0.251954 0.251954 2 5 3
0.83007 0.252468 0.252468 2 5 3
0.82981 0.252981 0.252981 2 5 3
0.829549 0.253495 0.253495 2 5 3
0.829288 0.254009 0.254009 2 5 3
0.829027 0.254522 0.254522 2 5 3
0.828765 0.255036 0.255036 2 5 3
0.828503 0.255549 0.255549 2 5 3
0.828241 0.256062 0.256062 2 5 3
0.827978 0.256575 0.256575 2 5 3
0.827715 0.257088 0.257088 2 5 3
0.827451 0.257601 0.257601 2 5 3
0.827187 0.258114 0.258114 2 5 3
0.826923 0.258627 0.258627 2 5 3
0.826658 0.25914 0.25914 2 5 3
0.826393 0.259652 0.259652 2 5 3
0.826128 0.260165 0.260165 2 5 3
0.825862 0.260677 0.260677 2 5 3
0.825595 0.261189 0.261189 2 5 3
0.825329 0.261702 0.261702 2 5 3
0.825062 0.262214 0.262214 2 5 3
0.824795 0.262726 0.262726 2 5 3
0.824527 0.263238 0.263238 2 5 3
0.824259 0.26375 0.26375 2 5 3
0.82399 0.264261 0.264261 2 5 3
0.823721 0.264773 0.264773 2 5 3
0.823452 0.265284 0.265284 2 5 3
0.823183 0.265796 0.265796 2 5 3
0.822913 0.266307 0.266307 2 5 3
0.822642 0.266818 0.266818 2 5 3
0.822372 0.267329 0.267329 2 5 3
0.8221 0.26784 0.26784 2 5 3
0.821829 0.268351 0.268351 2 5 3
0.821557 0.268862 0.268862 2 5 3
0.821285 0.269373 0.269373 2 5 3
0.821012 0.269883 0.269883 2 5 3
0.820739 0.270394 0.270394 2 5 3
0.820466 0.270904 0.270904 2 5 3
0.820192 0.271415 0.271415 2 5 3
0.819918 0.271925 0.271925 2 5 3
0.819644 0.272435 0.272435 2 5 3
0.819369 0.272945 0.272945 2 5 3
0.819094 0.273454 0.273454 2 5 3
0.818818 0.273964 0.273964 2 5 3
0.818542 0.274474 0.274474 2 5 3
0.818266 0.274983 0.274983 2 5 3
0.817989 0.275493 0.275493 2 5 3
0.817712 0.276002 0.276002 2 5 3
0.817434 0.276511 0.276511 2 5 3
0.817157 0.27702 0.27702 2 5 3
0.816878 0.277529 0.277529 2 5 3
0.8166 0.278038 0.278038 2 5 3
0.816321 0.278546 0.278546 2 5 3
0.816041 0.279055 0.279055 2 5 3
0.815762 0.279563 0.279563 2 5 3
0.815482 0.280071 0.280071 2 5 3
0.815201 0.28058 0.28058 2 5 3
0.81492 0.281088 0.281088 2 5 3
0.814639 0.281595 0.281595 2 5 3
0.814358 0.282103 0.282103 2 5 3
0.814076 0.282611 0.282611 2 5 3
0.813793 0.283118 0.283118 2 5 3
0.813511 0.283626 0.283626 2 5 3
0.813227 0.284133 0.284133 2 5 3
0.812944 0.28464 0.28464 2 5 3
0.81266 0.285147 0.285147 2 5 3
0.812376 0.285654 0.285654 2 5 3
0.812091 0.286161 0.286161 2 5 3
0.811807 0.286667 0.286667 2 5 3
0.811521 0.287174 0.287174 2 5 3
0.811236 0.28768 0.28768 2 5 3
0.81095 0.288187 0.288187 2 5 3
0.810663 0.288693 0.288693 2 5 3
0.810376 0.289199 0.289199 2 5 3
0.810089 0.289704 0.289704 2 5 3
0.809802 0.29021 0.29021 2 5 3
0.809514 0.290716 0.290716 2 5 3
0.809225 0.291221 0.291221 2 5 3
0.808937 0.291726 0.291726 2 5 3
0.808648 0.292231 0.292231 2 5 3
0.808358 0.292736 0.292736 2 5 3
0.808069 0.293241 0.293241 2 5 3
0.807779 0.293746 0.293746 2 5 3
0.807488 0.29425 0.29425 2 5 3
0.807197 0.294755 0.294755 2 5 3
0.806906 0.295259 0.295259 2 5 3
0.806614 0.295763 0.295763 2 5 3
0.806322 0.296267 0.296267 2 5 3
0.80603 0.296771 0.296771 2 5 3
0.805737 0.297275 0.297275 2 5 3
0.805444 0.297778 0.297778 2 5 3
0.805151 0.298281 0.298281 2 5 3
0.804857 0.298785 0.298785 2 5 3
0.804563 0.299288 0.299288 2 5 3
0.804269 0.299791 0.299791 2 5 3
0.803974 0.300293 0.300293 2 5 3
0.803678 0.300796 0.300796 2 5 3
0.803383 0.301298 0.301298 2 5 3
0.803087 0.301801 0.301801 2 5 3
0.80279 0.302303 0.302303 2 5 3
0.802494 0.302805 0.302805 2 5 3
0.802197 0.303306 0.303306 2 5 3
0.801899 0.303808 0.303808 2 5 3
0.801601 0.30431 0.30431 2 5 3
0.801303 0.304811 0.304811 2 5 3
0.801005 0.305312 0.305312 2 5 3
0.800706 0.305813 0.305813 2 5 3
0.800407 0.306314 0.306314 2 5 3
0.800107 0.306815 0.306815 2 5 3
0.799807 0.307315 0.307315 2 5 3
0.799507 0.307815 0.307815 2 5 3
0.799206 0.308316 0.308316 2 5 3
0.798905 0.308816 0.308816 2 5 3
0.798604 0.309315 0.309315 2 5 3
0.798302 0.309815 0.309815 2 5 3
0.798 0.310314 0.310314 2 5 3
0.797697 0.310814 0.310814 2 5 3
0.797394 0.311313 0.311313 2 5 3
0.797091 0.311812 0.311812 2 5 3
0.796788 0.312311 0.312311 2 5 3
0.796484 0.312809 0.312809 2 5 3
0.796179 0.313308 0.313308 2 5 3
0.795875 0.313806 0.313806 2 5 3
0.79557 0.314304 0.314304 2 5 3
0.795264 0.314802 0.314802 2 5 3
0.794959 0.3153 0.3153 2 5 3
0.794653 0.315797 0.315797 2 5 3
0.794346 0.316295 0.316295 2 5 3
0.794039 0.316792 0.316792 2 5 3
0.793732 0.317289 0.317289 2 5 3
0.793425 0.317786 0.317786 2 5 3
0.793117 0.318282 0.318282 2 5 3
0.792809 0.318779 0.318779 2 5 3
0.7925 0.319275 0.319275 2 5 3
0.792191 0.319771 0.319771 2 5 3
0.791882 0.320267 0.320267 2 5 3
0.791573 0.320763 0.320763 2 5 3
0.791263 0.321258 0.321258 2 5 3
0.790952 0.321754 0.321754 2 5 3
0.790642 0.322249 0.322249 2 5 3
0.790331 0.322744 0.322744 2 5 3
0.790019 0.323238 0.323238 2 5 3
0.789708 0.323733 0.323733 2 5 3
0.789396 0.324227 0.324227 2 5 3
0.789083 0.324722 0.324722 2 5 3
0.788771 0.325215 0.325215 2 5 3
0.788458 0.325709 0.325709 2 5 3
0.788144 0.326203 0.326203 2 5 3
0.78783 0.326696 0.326696 2 5 3
0.787516 0.327189 0.327189 2 5 3
0.787202 0.327682 0.327682 2 5 3
0.786887 0.328175 0.328175 2 5 3
0.786572 0.328668 0.328668 2 5 3
0.786256 0.32916 0.32916 2 5 3
0.785941 0.329652 0.329652 2 5 3
0.785624 0.330144 0.330144 2 5 3
0.785308 0.330636 0.330636 2 5 3
0.784991 0.331127 0.331127 2 5 3
0.784674 0.331619 0.331619 2 5 3
0.784356 0.33211 0.33211 2 5 3
0.784039 0.332601 0.332601 2 5 3
0.78372 0.333092 0.333092 2 5 3
0.783402 0.333582 0.333582 2 5 3
0.783083 0.334072 0.334072 2 5 3
0.782764 0.334562 0.334562 2 5 3
0.782444 0.335052 0.335052 2 5 3
0.782124 0.335542 0.335542 2 5 3
0.781804 0.336031 0.336031 2 5 3
0.781484 0.336521 0.336521 2 5 3
0.781163 0.33701 0.33701 2 5 3
0.780842 0.337498 0.337498 2 5 3
0.78052 0.337987 0.337987 2 5 3
0.780198 0.338475 0.338475 2 5 3
0.779876 0.338963 0.338963 2 5 3
0.779553 0.339451 0.339451 2 5 3
0.77923 0.339939 0.339939 2 5 3
0.778907 0.340426 0.340426 2 5 3
0.778584 0.340914 0.340914 2 5 3
0.77826 0.341401 0.341401 2 5 3
0.777936 0.341887 0.341887 2 5 3
0.777611 0.342374 0.342374 2 5 3
0.777286 0.34286 0.34286 2 5 3
0.776961 0.343346 0.343346 2 5 3
0.776636 0.343832 0.343832 2 5 3
0.77631 0.344318 0.344318 2 5 3
0.775984 0.344803 0.344803 2 5 3
0.775657 0.345288 0.345288 2 5 3
0.775331 0.345773 0.345773 2 5 3
0.775003 0.346258 0.346258 2 5 3
0.774676 0.346743 0.346743 2 5 3
0.774348 0.347227 0.347227 2 5 3
0.77402 0.347711 0.347711 2 5 3
0.773692 0.348195 0.348195 2 5 3
0.773363 0.348678 0.348678 2 5 3
0.773034 0.349161 0.349161 2 5 3
0.772705 0.349644 0.349644 2 5 3
0.772375 0.350127 0.350127 2 5 3
0.772045 0.35061 0.35061 2 5 3
0.771715 0.351092 0.351092 2 5 3
0.771384 0.351574 0.351574 2 5 3
0.771053 0.352056 0.352056 2 5 3
0.770722 0.352538 0.352538 2 5 3
0.77039 0.353019 0.353019 2 5 3
0.770059 0.3535 0.3535 2 5 3
0.769726 0.353981 0.353981 2 5 3
0.769394 0.354462 0.354462 2 5 3
0.769061 0.354942 0.354942 2 5 3
0.768728 0.355422 0.355422 2 5 3
0.768395 0.355902 0.355902 2 5 3
0.768061 0.356382 0.356382 2 5 3
0.767727 0.356861 0.356861 2 5 3
0.767393 0.35734 0.35734 2 5 3
0.767058 0.357819 0.357819 2 5 3
0.766723 0.358298 0.358298 2 5 3
0.766388 0.358776 0.358776 2 5 3
0.766052 0.359254 0.359254 2 5 3
0.765716 0.359732 0.359732 2 5 3
0.76538 0.360209 0.360209 2 5 3
0.765044 0.360687 0.360687 2 5 3
0.764707 0.361164 0.361164 2 5 3
0.76437 0.36164 0.36164 2 5 3
0.764033 0.362117 0.362117 2 5 3
0.763695 0.362593 0.362593 2 5 3
0.763357 0.363069 0.363069 2 5 3
0.763019 0.363545 0.363545 2 5 3
0.76268 0.364021 0.364021 2 5 3
0.762342 0.364496 0.364496 2 5 3
0.762002 0.364971 0.364971 2 5 3
0.761663 0.365445 0.365445 2 5 3
0.761323 0.36592 0.36592 2 5 3
0.760983 0.366394 0.366394 2 5 3
0.760643 0.366868 0.366868 2 5 3
0.760302 0.367341 0.367341 2 5 3
0.759962 0.367815 0.367815 2 5 3
0.75962 0.368288 0.368288 2 5 3
0.759279 0.368761 0.368761 2 5 3
0.758937 0.369233 0.369233 2 5 3
0.758595 0.369705 0.369705 2 5 3
0.758253 0.370177 0.370177 2 5 3
0.75791 0.370649 0.370649 2 5 3
0.757568 0.37112 0.37112 2 5 3
0.757224 0.371592 0.371592 2 5 3
0.756881 0.372062 0.372062 2 5 3
0.756537 0.372533 0.372533 2 5 3
0.756193 0.373003 0.373003 2 5 3
0.755849 0.373473 0.373473 2 5 3
0.755504 0.373943 0.373943 2 5 3
0.75516 0.374412 0.374412 2 5 3
0.754814 0.374882 0.374882 2 5 3
0.754469 0.375351 0.375351 2 5 3
0.754123 0.375819 0.375819 2 5 3
0.753778 0.376287 0.376287 2 5 3
0.753431 0.376755 0.376755 2 5 3
0.753085 0.377223 0.377223 2 5 3
0.752738 0.377691 0.377691 2 5 3
0.752391 0.378158 0.378158 2 5 3
0.752044 0.378625 0.378625 2 5 3
0.751696 0.379091 0.379091 2 5 3
0.751348 0.379558 0.379558 2 5 3
0.751 0.380024 0.380024 2 5 3
0.750652 0.380489 0.380489 2 5 3
0.750303 0.380955 0.380955 2 5 3
0.749955 0.38142 0.38142 2 5 3
0.749605 0.381885 0.381885 2 5 3
0.749256 0.382349 0.382349 2 5 3
0.748906 0.382814 0.382814 2 5 3
0.748556 0.383277 0.383277 2 5 3
0.748206 0.383741 0.383741 2 5 3
0.747856 0.384204 0.384204 2 5 3
0.747505 0.384668 0.384668 2 5 3
0.747154 0.38513 0.38513 2 5 3
0.746803 0.385593 0.385593 2 5 3
0.746451 0.386055 0.386055 2 5 3
0.7461 0.386517 0.386517 2 5 3
0.745748 0.386978 0.386978 2 5 3
0.745395 0.38744 0.38744 2 5 3
0.745043 0.3879 0.3879 2 5 3
0.74469 0.388361 0.388361 2 5 3
0.744337 0.388821 0.388821 2 5 3
0.743984 0.389281 0.389281 2 5 3
0.743631 0.389741 0.389741 2 5 3
0.743277 0.390201 0.390201 2 5 3
0.742923 0.39066 0.39066 2 5 3
0.742569 0.391118 0.391118 2 5 3
0.742214 0.391577 0.391577 2 5 3
0.741859 0.392035 0.392035 2 5 3
0.741505 0.392493 0.392493 2 5 3
0.741149 0.39295 0.39295 2 5 3
0.740794 0.393408 0.393408 2 5 3
0.740438 0.393865 0.393865 2 5 3
0.740082 0.394321 0.394321 2 5 3
0.739726 0.394778 0.394778 2 5 3
0.73937 0.395234 0.395234 2 5 3
0.739013 0.395689 0.395689 2 5 3
0.738656 0.396145 0.396145 2 5 3
0.738299 0.3966 0.3966 2 5 3
0.737942 0.397054 0.397054 2 5 3
0.737584 0.397509 0.397509 2 5 3
0.737227 0.397963 0.397963 2 5 3
0.736869 0.398416 0.398416 2 5 3
0.73651 0.39887 0.39887 2 5 3
0.736152 0.399323 0.399323 2 5 3
0.735793 0.399776 0.399776 2 5 3
0.735434 0.400228 0.400228 2 5 3
0.735075 0.40068 0.40068 2 5 3
0.734716 0.401132 0.401132 2 5 3
0.734356 0.401584 0.401584 2 5 3
0.733996 0.402035 0.402035 2 5 3
0.733636 0.402486 0.402486 2 5 3
0.733276 0.402936 0.402936 2 5 3
0.732916 0.403386 0.403386 2 5 3
0.732555 0.403836 0.403836 2 5 3
0.732194 0.404286 0.404286 2 5 3
0.731833 0.404735 0.404735 2 5 3
0.731472 0.405184 0.405184 2 5 3
0.73111 0.405632 0.405632 2 5 3
0.730748 0.406081 0.406081 2 5 3
0.730386 0.406528 0.406528 2 5 3
0.730024 0.406976 0.406976 2 5 3
0.729662 0.407423 0.407423 2 5 3
0.729299 0.40787 0.40787 2 5 3
0.728936 0.408317 0.408317 2 5 3
0.728573 0.408763 0.408763 2 5 3
0.72821 0.409209 0.409209 2 5 3
0.727847 0.409654 0.409654 2 5 3
0.727483 0.410099 0.410099 2 5 3
0.727119 0.410544 0.410544 2 5 3
0.726755 0.410989 0.410989 2 5 3
0.726391 0.411433 0.411433 2 5 3
0.726027 0.411877 0.411877 2 5 3
0.725662 0.41232 0.41232 2 5 3
0.725297 0.412764 0.412764 2 5 3
0.724932 0.413206 0.413206 2 5 3
0.724567 0.413649 0.413649 2 5 3
0.724201 0.414091 0.414091 2 5 3
0.723836 0.414533 0.414533 2 5 3
0.72347 0.414974 0.414974 2 5 3
0.723104 0.415415 0.415415 2 5 3
0.722738 0.415856 0.415856 2 5 3
0.722372 0.416297 0.416297 2 5 3
0.722005 0.416737 0.416737 2 5 3
0.721638 0.417176 0.417176 2 5 3
0.721271 0.417616 0.417616 2 5 3
0.720904 0.418055 0.418055 2 5 3
0.720537 0.418494 0.418494 2 5 3
0.720169 0.418932 0.418932 2 5 3
0.719802 0.41937 0.41937 2 5 3
0.719434 0.419808 0.419808 2 5 3
0.719066 0.420245 0.420245 2 5 3
0.718698 0.420682 0.420682 2 5 3
0.718329 0.421118 0.421118 2 5 3
0.717961 0.421555 0.421555 2 5 3
0.717592 0.421991 0.421991 2 5 3
0.717223 0.422426 0.422426 2 5 3
0.716854 0.422861 0.422861 2 5 3
0.716485 0.423296 0.423296 2 5 3
0.716115 0.423731 0.423731 2 5 3
0.715746 0.424165 0.424165 2 5 3
0.715376 0.424599 0.424599 2 5 3
0.715006 0.425032 0.425032 2 5 3
0.714636 0.425465 0.425465 2 5 3
0.714265 0.425898 0.425898 2 5 3
0.713895 0.42633 0.42633 2 5 3
0.713524 0.426762 0.426762 2 5 3
0.713154 0.427194 0.427194 2 5 3
0.712783 0.427625 0.427625 2 5 3
0.712412 0.428056 0.428056 2 5 3
0.71204 0.428487 0.428487 2 5 3
0.711669 0.428917 0.428917 2 5 3
0.711297 0.429347 0.429347 2 5 3
0.710926 0.429776 0.429776 2 5 3
0.710554 0.430205 0.430205 2 5 3
0.710182 0.430634 0.430634 2 5 3
0.709809 0.431063 0.431063 2 5 3
0.709437 0.431491 0.431491 2 5 3
0.709065 0.431918 0.431918 2 5 3
0.708692 0.432346 0.432346 2 5 3
0.708319 0.432773 0.432773 2 5 3
0.707946 0.433199 0.433199 2 5 3
0.707573 0.433625 0.433625 2 5 3
0.7072 0.434051 0.434051 2 5 3
0.706826 0.434477 0.434477 2 5 3
0.706453 0.434902 0.434902 2 5 3
0.706079 0.435327 0.435327 2 5 3
0.705705 0.435751 0.435751 2 5 3
0.705331 0.436175 0.436175 2 5 3
0.704957 0.436599 0.436599 2 5 3
0.704583 0.437022 0.437022 2 5 3
0.704209 0.437445 0.437445 2 5 3
0.703834 0.437868 0.437868 2 5 3
0.703459 0.43829 0.43829 2 5 3
0.703085 0.438712 0.438712 2 5 3
0.70271 0.439133 0.439133 2 5 3
0.702335 0.439554 0.439554 2 5 3
0.701959 0.439975 0.439975 2 5 3
0.701584 0.440395 0.440395 2 5 3
0.701209 0.440815 0.440815 2 5 3
0.700833 0.441235 0.441235 2 5 3
0.700457 0.441654 0.441654 2 5 3
0.700082 0.442073 0.442073 2 5 3
0.699706 0.442492 0.442492 2 5 3
0.699329 0.44291 0.44291 2 5 3
0.698953 0.443328 0.443328 2 5 3
0.698577 0.443745 0.443745 2 5 3
0.6982 0.444162 0.444162 2 5 3
0.697824 0.444579 0.444579 2 5 3
0.697447 0.444995 0.444995 2 5 3
0.69707 0.445411 0.445411 2 5 3
0.696693 0.445826 0.445826 2 5 3
0.696316 0.446241 0.446241 2 5 3
0.695939 0.446656 0.446656 2 5 3
0.695562 0.447071 0.447071 2 5 3
0.695184 0.447485 0.447485 2 5 3
0.694807 0.447898 0.447898 2 5 3
0.694429 0.448312 0.448312 2 5 3
0.694052 0.448724 0.448724 2 5 3
0.693674 0.449137 0.449137 2 5 3
0.693296 0.449549 0.449549 2 5 3
0.692918 0.449961 0.449961 2 5 3
0.692539 0.450372 0.450372 2 5 3
0.692161 0.450783 0.450783 2 5 3
0.691783 0.451194 0.451194 2 5 3
0.691404 0.451604 0.451604 2 5 3
0.691026 0.452014 0.452014 2 5 3
0.690647 0.452424 0.452424 2 5 3
0.690268 0.452833 0.452833 2 5 3
0.689889 0.453241 0.453241 2 5 3
0.68951 0.45365 0.45365 2 5 3
0.689131 0.454058 0.454058 2 5 3
0.688752 0.454465 0.454465 2 5 3
0.688373 0.454872 0.454872 2 5 3
0.687993 0.455279 0.455279 2 5 3
0.687614 0.455686 0.455686 2 5 3
0.687234 0.456092 0.456092 2 5 3
0.686855 0.456498 0.456498 2 5 3
0.686475 0.456903 0.456903 2 5 3
0.686095 0.457308 0.457308 2 5 3
0.685715 0.457712 0.457712 2 5 3
0.685335 0.458116 0.458116 2 5 3
0.684955 0.45852 0.45852 2 5 3
0.684575 0.458924 0.458924 2 5 3
0.684195 0.459327 0.459327 2 5 3
0.683814 0.459729 0.459729 2 5 3
0.683434 0.460132 0.460132 2 5 3
0.683053 0.460533 0.460533 2 5 3
0.682673 0.460935 0.460935 2 5 3
0.682292 0.461336 0.461336 2 5 3
0.681911 0.461737 0.461737 2 5 3
0.68153 0.462137 0.462137 2 5 3
0.681149 0.462537 0.462537 2 5 3
0.680768 0.462937 0.462937 2 5 3
0.680387 0.463336 0.463336 2 5 3
0.680006 0.463734 0.463734 2 5 3
0.679625 0.464133 0.464133 2 5 3
0.679244 0.464531 0.464531 2 5 3
0.678862 0.464929 0.464929 2 5 3
0.678481 0.465326 0.465326 2 5 3
0.6781 0.465723 0.465723 2 5 3
0.677718 0.466119 0.466119 2 5 3
0.677336 0.466515 0.466515 2 5 3
0.676955 0.466911 0.466911 2 5 3
0.676573 0.467306 0.467306 2 5 3
0.676191 0.467701 0.467701 2 5 3
0.675809 0.468096 0.468096 2 5 3
0.675427 0.46849 0.46849 2 5 3
0.675045 0.468884 0.468884 2 5 3
0.674663 0.469277 0.469277 2 5 3
0.674281 0.46967 0.46967 2 5 3
0.673899 0.470063 0.470063 2 5 3
0.673517 0.470455 0.470455 2 5 3
0.673134 0.470847 0.470847 2 5 3
0.672752 0.471238 0.471238 2 5 3
0.672369 0.471629 0.471629 2 5 3
0.671987 0.47202 0.47202 2 5 3
0.671604 0.47241 0.47241 2 5 3
0.671222 0.4728 0.4728 2 5 3
0.670839 0.47319 0.47319 2 5 3
0.670457 0.473579 0.473579 2 5 3
0.670074 0.473967 0.473967 2 5 3
0.669691 0.474356 0.474356 2 5 3
0.669308 0.474744 0.474744 2 5 3
0.668925 0.475131 0.475131 2 5 3
0.668542 0.475519 0.475519 2 5 3
0.668159 0.475905 0.475905 2 5 3
0.667776 0.476292 0.476292 2 5 3
0.667393 0.476678 0.476678 2 5 3
0.66701 0.477063 0.477063 2 5 3
0.666627 0.477449 0.477449 2 5 3
0.666244 0.477833 0.477833 2 5 3
0.665861 0.478218 0.478218 2 5 3
0.665478 0.478602 0.478602 2 5 3
0.665094 0.478986 0.478986 2 5 3
0.664711 0.479369 0.479369 2 5 3
0.664328 0.479752 0.479752 2 5 3
0.663944 0.480134 0.480134 2 5 3
0.663561 0.480517 0.480517 2 5 3
0.663177 0.480898 0.480898 2 5 3
0.662794 0.48128 0.48128 2 5 3
0.66241 0.481661 0.481661 2 5 3
0.662027 0.482041 0.482041 2 5 3
0.661643 0.482421 0.482421 2 5 3
0.66126 0.482801 0.482801 2 5 3
0.660876 0.483181 0.483181 2 5 3
0.660492 0.48356 0.48356 2 5 3
0.660109 0.483938 0.483938 2 5 3
0.659725 0.484316 0.484316 2 5 3
0.659341 0.484694 0.484694 2 5 3
0.658957 0.485072 0.485072 2 5 3
0.658574 0.485449 0.485449 2 5 3
0.65819 0.485825 0.485825 2 5 3
0.657806 0.486202 0.486202 2 5 3
0.657422 0.486578 0.486578 2 5 3
0.657038 0.486953 0.486953 2 5 3
0.656654 0.487328 0.487328 2 5 3
0.65627 0.487703 0.487703 2 5 3
0.655887 0.488077 0.488077 2 5 3
0.655503 0.488451 0.488451 2 5 3
0.655119 0.488825 0.488825 2 5 3
0.654735 0.489198 0.489198 2 5 3
0.654351 0.489571 0.489571 2 5 3
0.653967 0.489943 0.489943 2 5 3
0.653583 0.490315 0.490315 2 5 3
0.653199 0.490687 0.490687 2 5 3
0.652815 0.491058 0.491058 2 5 3
0.652431 0.491429 0.491429 2 5 3
0.652047 0.4918 0.4918 2 5 3
0.651663 0.49217 0.49217 2 5 3
0.651279 0.492539 0.492539 2 5 3
0.650895 0.492909 0.492909 2 5 3
0.65051 0.493277 0.493277 2 5 3
0.650126 0.493646 0.493646 2 5 3
0.649742 0.494014 0.494014 2 5 3
0.649358 0.494382 0.494382 2 5 3
0.648974 0.494749 0.494749 2 5 3
0.64859 0.495116 0.495116 2 5 3
0.648206 0.495483 0.495483 2 5 3
0.647822 0.495849 0.495849 2 5 3
0.647438 0.496215 0.496215 2 5 3
0.647054 0.49658 0.49658 2 5 3
0.64667 0.496945 0.496945 2 5 3
0.646286 0.49731 0.49731 2 5 3
0.645902 0.497674 0.497674 2 5 3
0.645518 0.498038 0.498038 2 5 3
0.645134 0.498402 0.498402 2 5 3
0.64475 0.498765 0.498765 2 5 3
0.644366 0.499127 0.499127 2 5 3
0.643981 0.49949 0.49949 2 5 3
0.643597 0.499852 0.499852 2 5 3
0.643213 0.500213 0.500213 2 5 3
0.64283 0.500574 0.500574 2 5 3
0.642446 0.500935 0.500935 2 5 3
0.642062 0.501295 0.501295 2 5 3
0.641678 0.501655 0.501655 2 5 3
0.641294 0.502015 0.502015 2 5 3
0.64091 0.502374 0.502374 2 5 3
0.640526 0.502733 0.502733 2 5 3
0.640142 0.503092 0.503092 2 5 3
0.639758 0.50345 0.50345 2 5 3
0.639374 0.503807 0.503807 2 5 3
0.63899 0.504165 0.504165 2 5 3
0.638607 0.504522 0.504522 2 5 3
0.638223 0.504878 0.504878 2 5 3
0.637839 0.505234 0.505234 2 5 3
0.637455 0.50559 0.50559 2 5 3
0.637072 0.505946 0.505946 2 5 3
0.636688 0.506301 0.506301 2 5 3
0.636304 0.506655 0.506655 2 5 3
0.63592 0.507009 0.507009 2 5 3
0.635537 0.507363 0.507363 2 5 3
0.635153 0.507717 0.507717 2 5 3
0.63477 0.50807 0.50807 2 5 3
0.634386 0.508422 0.508422 2 5 3
0.634003 0.508775 0.508775 2 5 3
0.633619 0.509127 0.509127 2 5 3
0.633236 0.509478 0.509478 2 5 3
0.632852 0.509829 0.509829 2 5 3
0.632469 0.51018 0.51018 2 5 3
0.632085 0.510531 0.510531 2 5 3
0.631702 0.510881 0.510881 2 5 3
0.631319 0.51123 0.51123 2 5 3
0.630935 0.51158 0.51158 2 5 3
0.630552 0.511928 0.511928 2 5 3
0.630169 0.512277 0.512277 2 5 3
0.629786 0.512625 0.512625 2 5 3
0.629403 0.512973 0.512973 2 5 3
0.62902 0.51332 0.51332 2 5 3
0.628637 0.513667 0.513667 2 5 3
0.628254 0.514014 0.514014 2 5 3
0.627871 0.51436 0.51436 2 5 3
0.627488 0.514706 0.514706 2 5 3
0.627105 0.515051 0.515051 2 5 3
0.626722 0.515396 0.515396 2 5 3
0.626339 0.515741 0.515741 2 5 3
0.625956 0.516085 0.516085 2 5 3
0.625573 0.516429 0.516429 2 5 3
0.625191 0.516773 0.516773 2 5 3
0.624808 0.517116 0.517116 2 5 3
0.624426 0.517459 0.517459 2 5 3
0.624043 0.517801 0.517801 2 5 3
0.62366 0.518143 0.518143 2 5 3
0.623278 0.518485 0.518485 2 5 3
0.622896 0.518826 0.518826 2 5 3
0.622513 0.519167 0.519167 2 5 3
0.622131 0.519508 0.519508 2 5 3
0.621749 0.519848 0.519848 2 5 3
0.621366 0.520188 0.520188 2 5 3
0.620984 0.520527 0.520527 2 5 3
0.620602 0.520866 0.520866 2 5 3
0.62022 0.521205 0.521205 2 5 3
0.619838 0.521543 0.521543 2 5 3
0.619456 0.521881 0.521881 2 5 3
0.619074 0.522219 0.522219 2 5 3
0.618692 0.522556 0.522556 2 5 3
0.61831 0.522893 0.522893 2 5 3
0.617929 0.523229 0.523229 2 5 3
0.617547 0.523565 0.523565 2 5 3
0.617165 0.523901 0.523901 2 5 3
0.616784 0.524236 0.524236 2 5 3
0.616402 0.524571 0.524571 2 5 3
0.616021 0.524906 0.524906 2 5 3
0.615639 0.52524 0.52524 2 5 3
0.615258 0.525574 0.525574 2 5 3
0.614877 0.525907 0.525907 2 5 3
0.614496 0.52624 0.52624 2 5 3
0.614114 0.526573 0.526573 2 5 3
0.613733 0.526905 0.526905 2 5 3
0.613352 0.527237 0.527237 2 5 3
0.612971 0.527569 0.527569 2 5 3
0.61259 0.5279 0.5279 2 5 3
0.61221 0.528231 0.528231 2 5 3
0.611829 0.528561 0.528561 2 5 3
0.611448 0.528891 0.528891 2 5 3
0.611067 0.529221 0.529221 2 5 3
0.610687 0.529551 0.529551 2 5 3
0.610306 0.52988 0.52988 2 5 3
0.609926 0.530208 0.530208 2 5 3
0.609545 0.530537 0.530537 2 5 3
0.609165 0.530864 0.530864 2 5 3
0.608785 0.531192 0.531192 2 5 3
0.608405 0.531519 0.531519 2 5 3
0.608025 0.531846 0.531846 2 5 3
0.607645 0.532172 0.532172 2 5 3
0.607265 0.532498 0.532498 2 5 3
0.606885 0.532824 0.532824 2 5 3
0.606505 0.533149 0.533149 2 5 3
0.606125 0.533474 0.533474 2 5 3
0.605745 0.533799 0.533799 2 5 3
0.605366 0.534123 0.534123 2 5 3
0.604986 0.534447 0.534447 2 5 3
0.604607 0.534771 0.534771 2 5 3
0.604228 0.535094 0.535094 2 5 3
0.603848 0.535417 0.535417 2 5 3
0.603469 0.535739 0.535739 2 5 3
0.60309 0.536061 0.536061 2 5 3
0.602711 0.536383 0.536383 2 5 3
0.602332 0.536704 0.536704 2 5 3
0.601953 0.537025 0.537025 2 5 3
0.601574 0.537346 0.537346 2 5 3
0.601195 0.537666 0.537666 2 5 3
0.600817 0.537986 0.537986 2 5 3
0.600438 0.538306 0.538306 2 5 3
0.60006 0.538625 0.538625 2 5 3
0.599681 0.538944 0.538944 2 5 3
0.599303 0.539262 0.539262 2 5 3
0.598924 0.53958 0.53958 2 5 3
0.598546 0.539898 0.539898 2 5 3
0.598168 0.540215 0.540215 2 5 3
0.59779 0.540532 0.540532 2 5 3
0.597412 0.540849 0.540849 2 5 3
0.597034 0.541165 0.541165 2 5 3
0.596657 0.541481 0.541481 2 5 3
0.596279 0.541797 0.541797 2 5 3
0.595901 0.542112 0.542112 2 5 3
0.595524 0.542427 0.542427 2 5 3
0.595146 0.542741 0.542741 2 5 3
0.594769 0.543056 0.543056 2 5 3
0.594392 0.543369 0.543369 2 5 3
0.594015 0.543683 0.543683 2 5 3
0.593638 0.543996 0.543996 2 5 3
0.593261 0.544309 0.544309 2 5 3
0.592884 0.544621 0.544621 2 5 3
0.592507 0.544933 0.544933 2 5 3
0.59213 0.545245 0.545245 2 5 3
0.591754 0.545556 0.545556 2 5 3
0.591377 0.545867 0.545867 2 5 3
0.591001 0.546178 0.546178 2 5 3
0.590624 0.546488 0.546488 2 5 3
0.590248 0.546798 0.546798 2 5 3
0.589872 0.547108 0.547108 2 5 3
0.589496 0.547417 0.547417 2 5 3
0.58912 0.547726 0.547726 2 5 3
0.588744 0.548034 0.548034 2 5 3
0.588368 0.548343 0.548343 2 5 3
0.587992 0.54865 0.54865 2 5 3
0.587617 0.548958 0.548958 2 5 3
0.587241 0.549265 0.549265 2 5 3
0.586866 0.549572 0.549572 2 5 3
0.58649 0.549878 0.549878 2 5 3
0.586115 0.550184 0.550184 2 5 3
0.58574 0.55049 0.55049 2 5 3
0.585365 0.550796 0.550796 2 5 3
0.58499 0.551101 0.551101 2 5 3
0.584615 0.551405 0.551405 2 5 3
0.584241 0.55171 0.55171 2 5 3
0.583866 0.552014 0.552014 2 5 3
0.583491 0.552317 0.552317 2 5 3
0.583117 0.552621 0.552621 2 5 3
0.582743 0.552924 0.552924 2 5 3
0.582368 0.553226 0.553226 2 5 3
0.581994 0.553529 0.553529 2 5 3
0.58162 0.553831 0.553831 2 5 3
0.581246 0.554132 0.554132 2 5 3
0.580873 0.554434 0.554434 2 5 3
0.580499 0.554735 0.554735 2 5 3
0.580125 0.555035 0.555035 2 5 3
0.579752 0.555335 0.555335 2 5 3
0.579378 0.555635 0.555635 2 5 3
0.579005 0.555935 0.555935 2 5 3
0.578632 0.556234 0.556234 2 5 3
0.578259 0.556533 0.556533 2 5 3
0.577886 0.556832 0.556832 2 5 3
0.577513 0.55713 0.55713 2 5 3
0.57714 0.557428 0.557428 2 5 3
0.576767 0.557725 0.557725 2 5 3
0.576395 0.558022 0.558022 2 5 3
0.576022 0.558319 0.558319 2 5 3
0.57565 0.558616 0.558616 2 5 3
0.575278 0.558912 0.558912 2 5 3
0.574905 0.559208 0.559208 2 5 3
0.574533 0.559503 0.559503 2 5 3
0.574161 0.559799 0.559799 2 5 3
0.57379 0.560093 0.560093 2 5 3
0.573418 0.560388 0.560388 2 5 3
0.573046 0.560682 0.560682 2 5 3
0.572675 0.560976 0.560976 2 5 3
0.572303 0.56127 0.56127 2 5 3
0.571932 0.561563 0.561563 2 5 3
0.571561 0.561856 0.561856 2 5 3
0.57119 0.562148 0.562148 2 5 3
0.570819 0.56244 0.56244 2 5 3
0.570448 0.562732 0.562732 2 5 3
0.570077 0.563024 0.563024 2 5 3
0.569707 0.563315 0.563315 2 5 3
0.569336 0.563606 0.563606 2 5 3
0.568966 0.563896 0.563896 2 5 3
0.568596 0.564187 0.564187 2 5 3
0.568225 0.564476 0.564476 2 5 3
0.567855 0.564766 0.564766 2 5 3
0.567485 0.565055 0.565055 2 5 3
0.567116 0.565344 0.565344 2 5 3
0.566746 0.565633 0.565633 2 5 3
0.566376 0.565921 0.565921 2 5 3
0.566007 0.566209 0.566209 2 5 3
0.565638 0.566496 0.566496 2 5 3
0.565268 0.566784 0.566784 2 5 3
0.564899 0.567071 0.567071 2 5 3
0.56453 0.567357 0.567357 2 5 3
0.564161 0.567644 0.567644 2 5 3
0.563792 0.56793 0.56793 2 5 3
0.563424 0.568215 0.568215 2 5 3
0.563055 0.5685 0.5685 2 5 3
0.562687 0.568785 0.568785 2 5 3
0.562318 0.56907 0.56907 2 5 3
0.56195 0.569355 0.569355 2 5 3
0.561582 0.569639 0.569639 2 5 3
0.561214 0.569922 0.569922 2 5 3
0.560846 0.570206 0.570206 2 5 3
0.560479 0.570489 0.570489 2 5 3
0.560111 0.570771 0.570771 2 5 3
0.559743 0.571054 0.571054 2 5 3
0.559376 0.571336 0.571336 2 5 3
0.559009 0.571618 0.571618 2 5 3
0.558642 0.571899 0.571899 2 5 3
0.558275 0.57218 0.57218 2 5 3
0.557908 0.572461 0.572461 2 5 3
0.557541 0.572742 0.572742 2 5 3
0.557174 0.573022 0.573022 2 5 3
0.556808 0.573302 0.573302 2 5 3
0.556441 0.573581 0.573581 2 5 3
0.556075 0.573861 0.573861 2 5 3
0.555709 0.57414 0.57414 2 5 3
0.555343 0.574418 0.574418 2 5 3
0.554977 0.574697 0.574697 2 5 3
0.554611 0.574975 0.574975 2 5 3
0.554245 0.575252 0.575252 2 5 3
0.55388 0.57553 0.57553 2 5 3
0.553514 0.575807 0.575807 2 5 3
0.553149 0.576083 0.576083 2 5 3
0.552784 0.57636 0.57636 2 5 3
0.552419 0.576636 0.576636 2 5 3
0.552054 0.576912 0.576912 2 5 3
0.551689 0.577187 0.577187 2 5 3
0.551324 0.577463 0.577463 2 5 3
0.55096 0.577737 0.577737 2 5 3
0.550595 0.578012 0.578012 2 5 3
0.550231 0.578286 0.578286 2 5 3
0.549867 0.57856 0.57856 2 5 3
0.549503 0.578834 0.578834 2 5 3
0.549139 0.579107 0.579107 2 5 3
0.548775 0.57938 0.57938 2 5 3
0.548411 0.579653 0.579653 2 5 3
0.548047 0.579925 0.579925 2 5 3
0.547684 0.580197 0.580197 2 5 3
0.547321 0.580469 0.580469 2 5 3
0.546957 0.580741 0.580741 2 5 3
0.546594 0.581012 0.581012 2 5 3
0.546231 0.581283 0.581283 2 5 3
0.545869 0.581553 0.581553 2 5 3
0.545506 0.581824 0.581824 2 5 3
0.545143 0.582094 0.582094 2 5 3
0.544781 0.582363 0.582363 2 5 3
0.544419 0.582633 0.582633 2 5 3
0.544056 0.582902 0.582902 2 5 3
0.543694 0.583171 0.583171 2 5 3
0.543332 0.583439 0.583439 2 5 3
0.542971 0.583707 0.583707 2 5 3
0.542609 0.583975 0.583975 2 5 3
0.542247 0.584243 0.584243 2 5 3
0.541886 0.58451 0.58451 2 5 3
0.541525 0.584777 0.584777 2 5 3
0.541163 0.585044 0.585044 2 5 3
0.540802 0.58531 0.58531 2 5 3
0.540441 0.585576 0.585576 2 5 3
0.540081 0.585842 0.585842 2 5 3
0.53972 0.586107 0.586107 2 5 3
0.539359 0.586372 0.586372 2 5 3
0.538999 0.586637 0.586637 2 5 3
0.538639 0.586902 0.586902 2 5 3
0.538279 0.587166 0.587166 2 5 3
0.537919 0.58743 0.58743 2 5 3
0.537559 0.587694 0.587694 2 5 3
0.537199 0.587957 0.587957 2 5 3
0.536839 0.58822 0.58822 2 5 3
0.53648 0.588483 0.588483 2 5 3
0.536121 0.588746 0.588746 2 5 3
0.535761 0.589008 0.589008 2 5 3
0.535402 0.58927 0.58927 2 5 3
0.535043 0.589532 0.589532 2 5 3
0.534684 0.589793 0.589793 2 5 3
0.534326 0.590054 0.590054 2 5 3
0.533967 0.590315 0.590315 2 5 3
0.533609 0.590575 0.590575 2 5 3
0.53325 0.590836 0.590836 2 5 3
0.532892 0.591096 0.591096 2 5 3
0.532534 0.591355 0.591355 2 5 3
0.532176 0.591615 0.591615 2 5 3
0.531819 0.591874 0.591874 2 5 3
0.531461 0.592132 0.592132 2 5 3
0.531103 0.592391 0.592391 2 5 3
0.530746 0.592649 0.592649 2 5 3
0.530389 0.592907 0.592907 2 5 3
0.530032 0.593165 0.593165 2 5 3
0.529675 0.593422 0.593422 2 5 3
0.529318 0.593679 0.593679 2 5 3
0.528961 0.593936 0.593936 2 5 3
0.528604 0.594192 0.594192 2 5 3
0.528248 0.594448 0.594448 2 5 3
0.527892 0.594704 0.594704 2 5 3
0.527535 0.59496 0.59496 2 5 3
0.527179 0.595215 0.595215 2 5 3
0.526823 0.59547 0.59547 2 5 3
0.526468 0.595725 0.595725 2 5 3
0.526112 0.59598 0.59598 2 5 3
0.525757 0.596234 0.596234 2 5 3
0.525401 0.596488 0.596488 2 5 3
0.525046 0.596741 0.596741 2 5 3
0.524691 0.596995 0.596995 2 5 3
0.524336 0.597248 0.597248 2 5 3
0.523981 0.597501 0.597501 2 5 3
0.523626 0.597753 0.597753 2 5 3
0.523272 0.598005 0.598005 2 5 3
0.522917 0.598257 0.598257 2 5 3
0.522563 0.598509 0.598509 2 5 3
0.522209 0.598761 0.598761 2 5 3
0.521855 0.599012 0.599012 2 5 3
0.521501 0.599263 0.599263 2 5 3
0.521147 0.599513 0.599513 2 5 3
0.520793 0.599764 0.599764 2 5 3
0.52044 0.600014 0.600014 2 5 3
0.520086 0.600263 0.600263 2 5 3
0.519733 0.600513 0.600513 2 5 3
0.51938 0.600762 0.600762 2 5 3
0.519027 0.601011 0.601011 2 5 3
0.518674 0.60126 0.60126 2 5 3
0.518321 0.601508 0.601508 2 5 3
0.517969 0.601756 0.601756 2 5 3
0.517616 0.602004 0.602004 2 5 3
0.517264 0.602252 0.602252 2 5 3
0.516912 0.602499 0.602499 2 5 3
0.51656 0.602746 0.602746 2 5 3
0.516208 0.602993 0.602993 2 5 3
0.515856 0.60324 0.60324 2 5 3
0.515505 0.603486 0.603486 2 5 3
0.515153 0.603732 0.603732 2 5 3
0.514802 0.603977 0.603977 2 5 3
0.514451 0.604223 0.604223 2 5 3
0.514099 0.604468 0.604468 2 5 3
0.513749 0.604713 0.604713 2 5 3
0.513398 0.604958 0.604958 2 5 3
0.513047 0.605202 0.605202 2 5 3
0.512696 0.605446 0.605446 2 5 3
0.512346 0.60569 0.60569 2 5 3
0.511996 0.605934 0.605934 2 5 3
0.511646 0.606177 0.606177 2 5 3
0.511296 0.60642 0.60642 2 5 3
0.510946 0.606663 0.606663 2 5 3
0.510596 0.606905 0.606905 2 5 3
0.510246 0.607148 0.607148 2 5 3
0.509897 0.60739 0.60739 2 5 3
0.509548 0.607631 0.607631 2 5 3
0.509199 0.607873 0.607873 2 5 3
0.508849 0.608114 0.608114 2 5 3
0.508501 0.608355 0.608355 2 5 3
0.508152 0.608596 0.608596 2 5 3
0.507803 0.608836 0.608836 2 5 3
0.507455 0.609076 0.609076 2 5 3
0.507106 0.609316 0.609316 2 5 3
0.506758 0.609556 0.609556 2 5 3
0.50641 0.609795 0.609795 2 5 3
0.506062 0.610034 0.610034 2 5 3
0.505714 0.610273 0.610273 2 5 3
0.505366 0.610512 0.610512 2 5 3
0.505019 0.61075 0.61075 2 5 3
0.504671 0.610988 0.610988 2 5 3
0.504324 0.611226 0.611226 2 5 3
0.503977 0.611464 0.611464 2 5 3
0.50363 0.611701 0.611701 2 5 3
0.503283 0.611938 0.611938 2 5 3
0.502936 0.612175 0.612175 2 5 3
0.50259 0.612412 0.612412 2 5 3
0.502243 0.612648 0.612648 2 5 3
0.501897 0.612884 0.612884 2 5 3
0.501551 0.61312 0.61312 2 5 3
0.501205 0.613355 0.613355 2 5 3
0.500859 0.613591 0.613591 2 5 3
0.500513 0.613826 0.613826 2 5 3
0.500167 0.614061 0.614061 2 5 3
0.499822 0.614295 0.614295 2 5 3
0.499476 0.61453 0.61453 2 5 3
0.499131 0.614764 0.614764 2 5 3
0.498786 0.614997 0.614997 2 5 3
0.498441 0.615231 0.615231 2 5 3
0.498096 0.615464 0.615464 2 5 3
0.497752 0.615697 0.615697 2 5 3
0.497407 0.61593 0.61593 2 5 3
0.497063 0.616163 0.616163 2 5 3
0.496718 0.616395 0.616395 2 5 3
0.496374 0.616627 0.616627 2 5 3
0.49603 0.616859 0.616859 2 5 3
0.495686 0.617091 0.617091 2 5 3
0.495343 0.617322 0.617322 2 5 3
0.494999 0.617553 0.617553 2 5 3
0.494655 0.617784 0.617784 2 5 3
0.494312 0.618014 0.618014 2 5 3
0.493969 0.618245 0.618245 2 5 3
0.493626 0.618475 0.618475 2 5 3
0.493283 0.618705 0.618705 2 5 3
0.49294 0.618934 0.618934 2 5 3
0.492597 0.619164 0.619164 2 5 3
0.492255 0.619393 0.619393 2 5 3
0.491913 0.619622 0.619622 2 5 3
0.49157 0.61985 0.61985 2 5 3
0.491228 0.620079 0.620079 2 5 3
0.490886 0.620307 0.620307 2 5 3
0.490544 0.620535 0.620535 2 5 3
0.490203 0.620763 0.620763 2 5 3
0.489861 0.62099 0.62099 2 5 3
0.48952 0.621217 0.621217 2 5 3
0.489178 0.621444 0.621444 2 5 3
0.488837 0.621671 0.621671 2 5 3
0.488496 0.621898 0.621898 2 5 3
0.488155 0.622124 0.622124 2 5 3
0.487814 0.62235 0.62235 2 5 3
0.487474 0.622576 0.622576 2 5 3
0.487133 0.622801 0.622801 2 5 3
0.486793 0.623026 0.623026 2 5 3
0.486453 0.623252 0.623252 2 5 3
0.486113 0.623476 0.623476 2 5 3
0.485773 0.623701 0.623701 2 5 3
0.485433 0.623925 0.623925 2 5 3
0.485093 0.62415 0.62415 2 5 3
0.484754 0.624373 0.624373 2 5 3
0.484414 0.624597 0.624597 2 5 3
0.484075 0.624821 0.624821 2 5 3
0.483736 0.625044 0.625044 2 5 3
0.483397 0.625267 0.625267 2 5 3
0.483058 0.625489 0.625489 2 5 3
0.482719 0.625712 0.625712 2 5 3
0.48238 0.625934 0.625934 2 5 3
0.482042 0.626156 0.626156 2 5 3
0.481704 0.626378 0.626378 2 5 3
0.481365 0.6266 0.6266 2 5 3
0.481027 0.626821 0.626821 2 5 3
0.480689 0.627042 0.627042 2 5 3
0.480352 0.627263 0.627263 2 5 3
0.480014 0.627484 0.627484 2 5 3
0.479676 0.627704 0.627704 2 5 3
0.479339 0.627924 0.627924 2 5 3
0.479002 0.628144 0.628144 2 5 3
0.478665 0.628364 0.628364 2 5 3
0.478328 0.628584 0.628584 2 5 3
0.477991 0.628803 0.628803 2 5 3
0.477654 0.629022 0.629022 2 5 3
0.477317 0.629241 0.629241 2 5 3
0.476981 0.62946 0.62946 2 5 3
0.476645 0.629678 0.629678 2 5 3
0.476308 0.629896 0.629896 2 5 3
0.475972 0.630114 0.630114 2 5 3
0.475636 0.630332 0.630332 2 5 3
0.475301 0.630549 0.630549 2 5 3
0.474965 0.630767 0.630767 2 5 3
0.474629 0.630984 0.630984 2 5 3
0.474294 0.631201 0.631201 2 5 3
0.473959 0.631417 0.631417 2 5 3
0.473623 0.631634 0.631634 2 5 3
0.473288 0.63185 0.63185 2 5 3
0.472954 0.632066 0.632066 2 5 3
0.472619 0.632281 0.632281 2 5 3
0.472284 0.632497 0.632497 2 5 3
0.47195 0.632712 0.632712 2 5 3
0.471615 0.632927 0.632927 2 5 3
0.471281 0.633142 0.633142 2 5 3
0.470947 0.633357 0.633357 2 5 3
0.470613 0.633571 0.633571 2 5 3
0.470279 0.633785 0.633785 2 5 3
0.469946 0.633999 0.633999 2 5 3
0.469612 0.634213 0.634213 2 5 3
0.469279 0.634427 0.634427 2 5 3
0.468945 0.63464 0.63464 2 5 3
0.468612 0.634853 0.634853 2 5 3
0.468279 0.635066 0.635066 2 5 3
0.467946 0.635279 0.635279 2 5 3
0.467613 0.635491 0.635491 2 5 3
0.467281 0.635704 0.635704 2 5 3
0.466948 0.635916 0.635916 2 5 3
0.466616 0.636127 0.636127 2 5 3
0.466284 0.636339 0.636339 2 5 3
0.465952 0.63655 0.63655 2 5 3
0.46562 0.636762 0.636762 2 5 3
0.465288 0.636973 0.636973 2 5 3
0.464956 0.637183 0.637183 2 5 3
0.464624 0.637394 0.637394 2 5 3
0.464293 0.637604 0.637604 2 5 3
0.463962 0.637814 0.637814 2 5 3
0.46363 0.638024 0.638024 2 5 3
0.463299 0.638234 0.638234 2 5 3
0.462968 0.638444 0.638444 2 5 3
0.462638 0.638653 0.638653 2 5 3
0.462307 0.638862 0.638862 2 5 3
0.461976 0.639071 0.639071 2 5 3
0.461646 0.639279 0.639279 2 5 3
0.461316 0.639488 0.639488 2 5 3
0.460985 0.639696 0.639696 2 5 3
0.460655 0.639904 0.639904 2 5 3
0.460325 0.640112 0.640112 2 5 3
0.459996 0.64032 0.64032 2 5 3
0.459666 0.640527 0.640527 2 5 3
0.459336 0.640734 0.640734 2 5 3
0.459007 0.640941 0.640941 2 5 3
0.458678 0.641148 0.641148 2 5 3
0.458349 0.641355 0.641355 2 5 3
0.45802 0.641561 0.641561 2 5 3
0.457691 0.641767 0.641767 2 5 3
0.457362 0.641973 0.641973 2 5 3
0.457033 0.642179 0.642179 2 5 3
0.456705 0.642385 0.642385 2 5 3
0.456376 0.64259 0.64259 2 5 3
0.456048 0.642795 0.642795 2 5 3
0.45572 0.643 0.643 2 5 3
0.455392 0.643205 0.643205 2 5 3
0.455064 0.643409 0.643409 2 5 3
0.454736 0.643614 0.643614 2 5 3
0.454409 0.643818 0.643818 2 5 3
0.454081 0.644022 0.644022 2 5 3
0.453754 0.644226 0.644226 2 5 3
0.453427 0.644429 0.644429 2 5 3
0.4531 0.644633 0.644633 2 5 3
0.452773 0.644836 0.644836 2 5 3
0.452446 0.645039 0.645039 2 5 3
0.452119 0.645242 0.645242 2 5 3
0.451792 0.645444 0.645444 2 5 3
0.451466 0.645646 0.645646 2 5 3
0.45114 0.645849 0.645849 2 5 3
0.450813 0.646051 0.646051 2 5 3
0.450487 0.646252 0.646252 2 5 3
0.450161 0.646454 0.646454 2 5 3
0.449835 0.646655 0.646655 2 5 3
0.44951 0.646857 0.646857 2 5 3
0.449184 0.647058 0.647058 2 5 3
0.448859 0.647258 0.647258 2 5 3
0.448533 0.647459 0.647459 2 5 3
0.448208 0.647659 0.647659 2 5 3
0.447883 0.64786 0.64786 2 5 3
0.447558 0.64806 0.64806 2 5 3
0.447233 0.64826 0.64826 2 5 3
0.446908 0.648459 0.648459 2 5 3
0.446584 0.648659 0.648659 2 5 3
0.446259 0.648858 0.648858 2 5 3
0.445935 0.649057 0.649057 2 5 3
0.445611 0.649256 0.649256 2 5 3
0.445286 0.649454 0.649454 2 5 3
0.444962 0.649653 0.649653 2 5 3
0.444639 0.649851 0.649851 2 5 3
0.444315 0.650049 0.650049 2 5 3
0.443991 0.650247 0.650247 2 5 3
0.443668 0.650445 0.650445 2 5 3
0.443344 0.650643 0.650643 2 5 3
0.443021 0.65084 0.65084 2 5 3
0.442698 0.651037 0.651037 2 5 3
0.442375 0.651234 0.651234 2 5 3
0.442052 0.651431 0.651431 2 5 3
0.441729 0.651627 0.651627 2 5 3
0.441407 0.651824 0.651824 2 5 3
0.441084 0.65202 0.65202 2 5 3
0.440762 0.652216 0.652216 2 5 3
0.440439 0.652412 0.652412 2 5 3
0.440117 0.652608 0.652608 2 5 3
0.439795 0.652803 0.652803 2 5 3
0.439473 0.652998 0.652998 2 5 3
0.439151 0.653193 0.653193 2 5 3
0.43883 0.653388 0.653388 2 5 3
0.438508 0.653583 0.653583 2 5 3
0.438187 0.653778 0.653778 2 5 3
0.437865 0.653972 0.653972 2 5 3
0.437544 0.654166 0.654166 2 5 3
0.437223 0.65436 0.65436 2 5 3
0.436902 0.654554 0.654554 2 5 3
0.436581 0.654748 0.654748 2 5 3
0.43626 0.654941 0.654941 2 5 3
0.43594 0.655134 0.655134 2 5 3
0.435619 0.655328 0.655328 2 5 3
0.435299 0.65552 0.65552 2 5 3
0.434979 0.655713 0.655713 2 5 3
0.434659 0.655906 0.655906 2 5 3
0.434338 0.656098 0.656098 2 5 3
0.434019 0.65629 0.65629 2 5 3
0.433699 0.656482 0.656482 2 5 3
0.433379 0.656674 0.656674 2 5 3
0.43306 0.656866 0.656866 2 5 3
0.43274 0.657057 0.657057 2 5 3
0.432421 0.657249 0.657249 2 5 3
0.432102 0.65744 0.65744 2 5 3
0.431783 0.657631 0.657631 2 5 3
0.431464 0.657821 0.657821 2 5 3
0.431145 0.658012 0.658012 2 5 3
0.430826 0.658202 0.658202 2 5 3
0.430507 0.658393 0.658393 2 5 3
0.430189 0.658583 0.658583 2 5 3
0.42987 0.658773 0.658773 2 5 3
0.429552 0.658962 0.658962 2 5 3
0.429234 0.659152 0.659152 2 5 3
0.428916 0.659341 0.659341 2 5 3
0.428598 0.65953 0.65953 2 5 3
0.42828 0.659719 0.659719 2 5 3
0.427963 0.659908 0.659908 2 5 3
0.427645 0.660097 0.660097 2 5 3
0.427327 0.660285 0.660285 2 5 3
0.42701 0.660474 0.660474 2 5 3
0.426693 0.660662 0.660662 2 5 3
0.426376 0.66085 0.66085 2 5 3
0.426059 0.661038 0.661038 2 5 3
0.425742 0.661225 0.661225 2 5 3
0.425425 0.661413 0.661413 2 5 3
0.425108 0.6616 0.6616 2 5 3
0.424792 0.661787 0.661787 2 5 3
0.424475 0.661974 0.661974 2 5 3
0.424159 0.662161 0.662161 2 5 3
0.423843 0.662347 0.662347 2 5 3
0.423527 0.662534 0.662534 2 5 3
0.423211 0.66272 0.66272 2 5 3
0.422895 0.662906 0.662906 2 5 3
0.422579 0.663092 0.663092 2 5 3
0.422263 0.663278 0.663278 2 5 3
0.421948 0.663463 0.663463 2 5 3
0.421632 0.663649 0.663649 2 5 3
0.421317 0.663834 0.663834 2 5 3
0.421002 0.664019 0.664019 2 5 3
0.420687 0.664204 0.664204 2 5 3
0.420372 0.664389 0.664389 2 5 3
0.420057 0.664573 0.664573 2 5 3
0.419742 0.664758 0.664758 2 5 3
0.419427 0.664942 0.664942 2 5 3
0.419113 0.665126 0.665126 2 5 3
0.418798 0.66531 0.66531 2 5 3
0.418484 0.665494 0.665494 2 5 3
0.41817 0.665677 0.665677 2 5 3
0.417856 0.665861 0.665861 2 5 3
0.417542 0.666044 0.666044 2 5 3
0.417228 0.666227 0.666227 2 5 3
0.416914 0.66641 0.66641 2 5 3
0.4166 0.666593 0.666593 2 5 3
0.416287 0.666776 0.666776 2 5 3
0.415973 0.666958 0.666958 2 5 3
0.41566 0.66714 0.66714 2 5 3
0.415347 0.667322 0.667322 2 5 3
0.415033 0.667504 0.667504 2 5 3
0.41472 0.667686 0.667686 2 5 3
0.414407 0.667868 0.667868 2 5 3
0.414095 0.668049 0.668049 2 5 3
0.413782 0.668231 0.668231 2 5 3
0.413469 0.668412 0.668412 2 5 3
0.413157 0.668593 0.668593 2 5 3
0.412844 0.668774 0.668774 2 5 3
0.412532 0.668954 0.668954 2 5 3
0.41222 0.669135 0.669135 2 5 3
0.411908 0.669315 0.669315 2 5 3
0.411596 0.669495 0.669495 2 5 3
0.411284 0.669676 0.669676 2 5 3
0.410972 0.669855 0.669855 2 5 3
0.41066 0.670035 0.670035 2 5 3
0.410349 0.670215 0.670215 2 5 3
0.410037 0.670394 0.670394 2 5 3
0.409726 0.670573 0.670573 2 5 3
0.409415 0.670753 0.670753 2 5 3
0.409104 0.670932 0.670932 2 5 3
0.408793 0.67111 0.67111 2 5 3
0.408482 0.671289 0.671289 2 5 3
0.408171 0.671467 0.671467 2 5 3
0.40786 0.671646 0.671646 2 5 3
0.407549 0.671824 0.671824 2 5 3
0.407239 0.672002 0.672002 2 5 3
0.406928 0.67218 0.67218 2 5 3
0.406618 0.672358 0.672358 2 5 3
0.406308 0.672535 0.672535 2 5 3
0.405998 0.672713 0.672713 2 5 3
0.405688 0.67289 0.67289 2 5 3
0.405378 0.673067 0.673067 2 5 3
0.405068 0.673244 0.673244 2 5 3
0.404758 0.673421 0.673421 2 5 3
0.404449 0.673597 0.673597 2 5 3
0.404139 0.673774 0.673774 2 5 3
0.40383 0.67395 0.67395 2 5 3
0.40352 0.674126 0.674126 2 5 3
0.403211 0.674303 0.674303 2 5 3
0.402902 0.674478 0.674478 2 5 3
0.402593 0.674654 0.674654 2 5 3
0.402284 0.67483 0.67483 2 5 3
0.401975 0.675005 0.675005 2 5 3
0.401667 0.675181 0.675181 2 5 3
0.401358 0.675356 0.675356 2 5 3
0.401049 0.675531 0.675531 2 5 3
0.400741 0.675706 0.675706 2 5 3
0.400433 0.67588 0.67588 2 5 3
0.400124 0.676055 0.676055 2 5 3
0.399816 0.676229 0.676229 2 5 3
0.399508 0.676404 0.676404 2 5 3
0.3992 0.676578 0.676578 2 5 3
0.398892 0.676752 0.676752 2 5 3
0.398585 0.676926 0.676926 2 5 3
0.398277 0.677099 0.677099 2 5 3
0.39797 0.677273 0.677273 2 5 3
0.397662 0.677446 0.677446 2 5 3
0.397355 0.677619 0.677619 2 5 3
0.397047 0.677792 0.677792 2 5 3
0.39674 0.677965 0.677965 2 5 3
0.396433 0.678138 0.678138 2 5 3
0.396126 0.678311 0.678311 2 5 3
0.395819 0.678483 0.678483 2 5 3
0.395512 0.678656 0.678656 2 5 3
0.395206 0.678828 0.678828 2 5 3
0.394899 0.679 0.679 2 5 3
0.394593 0.679172 0.679172 2 5 3
0.394286 0.679344 0.679344 2 5 3
0.39398 0.679516 0.679516 2 5 3
0.393674 0.679687 0.679687 2 5 3
0.393367 0.679859 0.679859 2 5 3
0.393061 0.68003 0.68003 2 5 3
0.392755 0.680201 0.680201 2 5 3
0.39245 0.680372 0.680372 2 5 3
0.392144 0.680543 0.680543 2 5 3
0.391838 0.680713 0.680713 2 5 3
0.391533 0.680884 0.680884 2 5 3
0.391227 0.681054 0.681054 2 5 3
0.390922 0.681225 0.681225 2 5 3
0.390616 0.681395 0.681395 2 5 3
0.390311 0.681565 0.681565 2 5 3
0.390006 0.681735 0.681735 2 5 3
0.389701 0.681904 0.681904 2 5 3
0.389396 0.682074 0.682074 2 5 3
0.389091 0.682243 0.682243 2 5 3
0.388786 0.682413 0.682413 2 5 3
0.388482 0.682582 0.682582 2 5 3
0.388177 0.682751 0.682751 2 5 3
0.387872 0.68292 0.68292 2 5 3
0.387568 0.683089 0.683089 2 5 3
0.387264 0.683257 0.683257 2 5 3
0.386959 0.683426 0.683426 2 5 3
0.386655 0.683594 0.683594 2 5 3
0.386351 0.683762 0.683762 2 5 3
0.386047 0.68393 0.68393 2 5 3
0.385743 0.684098 0.684098 2 5 3
0.385439 0.684266 0.684266 2 5 3
0.385136 0.684434 0.684434 2 5 3
0.384832 0.684601 0.684601 2 5 3
0.384529 0.684769 0.684769 2 5 3
0.384225 0.684936 0.684936 2 5 3
0.383922 0.685103 0.685103 2 5 3
0.383618 0.68527 0.68527 2 5 3
0.383315 0.685437 0.685437 2 5 3
0.383012 0.685604 0.685604 2 5 3
0.382709 0.68577 0.68577 2 5 3
0.382406 0.685937 0.685937 2 5 3
0.382103 0.686103 0.686103 2 5 3
0.3818 0.68627 0.68627 2 5 3
0.381498 0.686436 0.686436 2 5 3
0.381195 0.686602 0.686602 2 5 3
0.380892 0.686767 0.686767 2 5 3
0.38059 0.686933 0.686933 2 5 3
0.380288 0.687099 0.687099 2 5 3
0.379985 0.687264 0.687264 2 5 3
0.379683 0.687429 0.687429 2 5 3
0.379381 0.687595 0.687595 2 5 3
0.379079 0.68776 0.68776 2 5 3
0.378777 0.687925 0.687925 2 5 3
0.378475 0.688089 0.688089 2 5 3
0.378173 0.688254 0.688254 2 5 3
0.377871 0.688419 0.688419 2 5 3
0.37757 0.688583 0.688583 2 5 3
0.377268 0.688747 0.688747 2 5 3
0.376967 0.688911 0.688911 2 5 3
0.376665 0.689076 0.689076 2 5 3
0.376364 0.689239 0.689239 2 5 3
0.376063 0.689403 0.689403 2 5 3
0.375762 0.689567 0.689567 2 5 3
0.37546 0.68973 0.68973 2 5 3
0.375159 0.689894 0.689894 2 5 3
0.374859 0.690057 0.690057 2 5 3
0.374558 0.69022 0.69022 2 5 3
0.374257 0.690383 0.690383 2 5 3
0.373956 0.690546 0.690546 2 5 3
0.373656 0.690709 0.690709 2 5 3
0.373355 0.690872 0.690872 2 5 3
0.373054 0.691034 0.691034 2 5 3
0.372754 0.691197 0.691197 2 5 3
0.372454 0.691359 0.691359 2 5 3
0.372153 0.691521 0.691521 2 5 3
0.371853 0.691683 0.691683 2 5 3
0.371553 0.691845 0.691845 2 5 3
0.371253 0.692007 0.692007 2 5 3
0.370953 0.692168 0.692168 2 5 3
0.370653 0.69233 0.69233 2 5 3
0.370354 0.692491 0.692491 2 5 3
0.370054 0.692653 0.692653 2 5 3
0.369754 0.692814 0.692814 2 5 3
0.369455 0.692975 0.692975 2 5 3
0.369155 0.693136 0.693136 2 5 3
0.368856 0.693297 0.693297 2 5 3
0.368556 0.693458 0.693458 2 5 3
0.368257 0.693618 0.693618 2 5 3
0.367958 0.693779 0.693779 2 5 3
0.367659 0.693939 0.693939 2 5 3
0.367359 0.694099 0.694099 2 5 3
0.36706 0.694259 0.694259 2 5 3
0.366762 0.694419 0.694419 2 5 3
0.366463 0.694579 0.694579 2 5 3
0.366164 0.694739 0.694739 2 5 3
0.365865 0.694899 0.694899 2 5 3
0.365566 0.695058 0.695058 2 5 3
0.365268 0.695218 0.695218 2 5 3
0.364969 0.695377 0.695377 2 5 3
0.364671 0.695536 0.695536 2 5 3
0.364372 0.695695 0.695695 2 5 3
0.364074 0.695854 0.695854 2 5 3
0.363776 0.696013 0.696013 2 5 3
0.363478 0.696172 0.696172 2 5 3
0.36318 0.69633 0.69633 2 5 3
0.362882 0.696489 0.696489 2 5 3
0.362584 0.696647 0.696647 2 5 3
0.362286 0.696805 0.696805 2 5 3
0.361988 0.696963 0.696963 2 5 3
0.36169 0.697121 0.697121 2 5 3
0.361392 0.697279 0.697279 2 5 3
0.361095 0.697437 0.697437 2 5 3
0.360797 0.697595 0.697595 2 5 3
0.3605 0.697752 0.697752 2 5 3
0.360202 0.69791 0.69791 2 5 3
0.359905 0.698067 0.698067 2 5 3
0.359607 0.698224 0.698224 2 5 3
0.35931 0.698382 0.698382 2 5 3
0.359013 0.698539 0.698539 2 5 3
0.358716 0.698696 0.698696 2 5 3
0.358419 0.698852 0.698852 2 5 3
0.358122 0.699009 0.699009 2 5 3
0.357825 0.699166 0.699166 2 5 3
0.357528 0.699322 0.699322 2 5 3
0.357231 0.699478 0.699478 2 5 3
0.356934 0.699635 0.699635 2 5 3
0.356638 0.699791 0.699791 2 5 3
0.356341 0.699947 0.699947 2 5 3
0.356044 0.700103 0.700103 2 5 3
0.355748 0.700258 0.700258 2 5 3
0.355451 0.700414 0.700414 2 5 3
0.355155 0.70057 0.70057 2 5 3
0.354859 0.700725 0.700725 2 5 3
0.354562 0.700881 0.700881 2 5 3
0.354266 0.701036 0.701036 2 5 3
0.35397 0.701191 0.701191 2 5 3
0.353674 0.701346 0.701346 2 5 3
0.353378 0.701501 0.701501 2 5 3
0.353082 0.701656 0.701656 2 5 3
0.352786 0.701811 0.701811 2 5 3
0.35249 0.701965 0.701965 2 5 3
0.352194 0.70212 0.70212 2 5 3
0.351898 0.702274 0.702274 2 5 3
0.351603 0.702428 0.702428 2 5 3
0.351307 0.702583 0.702583 2 5 3
0.351011 0.702737 0.702737 2 5 3
0.350716 0.702891 0.702891 2 5 3
0.35042 0.703045 0.703045 2 5 3
0.350125 0.703198 0.703198 2 5 3
0.349829 0.703352 0.703352 2 5 3
0.349534 0.703506 0.703506 2 5 3
0.349239 0.703659 0.703659 2 5 3
0.348943 0.703812 0.703812 2 5 3
0.348648 0.703966 0.703966 2 5 3
0.348353 0.704119 0.704119 2 5 3
0.348058 0.704272 0.704272 2 5 3
0.347763 0.704425 0.704425 2 5 3
0.347468 0.704578 0.704578 2 5 3
0.347173 0.70473 0.70473 2 5 3
0.346878 0.704883 0.704883 2 5 3
0.346584 0.705036 0.705036 2 5 3
0.346289 0.705188 0.705188 2 5 3
0.345994 0.70534 0.70534 2 5 3
0.345699 0.705493 0.705493 2 5 3
0.345405 0.705645 0.705645 2 5 3
0.34511 0.705797 0.705797 2 5 3
0.344816 0.705949 0.705949 2 5 3
0.344521 0.706101 0.706101 2 5 3
0.344227 0.706252 0.706252 2 5 3
0.343932 0.706404 0.706404 2 5 3
0.343638 0.706555 0.706555 2 5 3
0.343344 0.706707 0.706707 2 5 3
0.343049 0.706858 0.706858 2 5 3
0.342755 0.707009 0.707009 2 5 3
0.342461 0.707161 0.707161 2 5 3
0.342167 0.707312 0.707312 2 5 3
0.341873 0.707463 0.707463 2 5 3
0.341579 0.707613 0.707613 2 5 3
0.341285 0.707764 0.707764 2 5 3
0.340991 0.707915 0.707915 2 5 3
0.340697 0.708065 0.708065 2 5 3
0.340403 0.708216 0.708216 2 5 3
0.34011 0.708366 0.708366 2 5 3
0.339816 0.708517 0.708517 2 5 3
0.339522 0.708667 0.708667 2 5 3
0.339228 0.708817 0.708817 2 5 3
0.338935 0.708967 0.708967 2 5 3
0.338641 0.709117 0.709117 2 5 3
0.338348 0.709266 0.709266 2 5 3
0.338054 0.709416 0.709416 2 5 3
0.337761 0.709566 0.709566 2 5 3
0.337467 0.709715 0.709715 2 5 3
0.337174 0.709865 0.709865 2 5 3
0.336881 0.710014 0.710014 2 5 3
0.336587 0.710163 0.710163 2 5 3
0.336294 0.710312 0.710312 2 5 3
0.336001 0.710461 0.710461 2 5 3
0.335708 0.71061 0.71061 2 5 3
0.335414 0.710759 0.710759 2 5 3
0.335121 0.710908 0.710908 2 5 3
0.334828 0.711057 0.711057 2 5 3
0.334535 0.711205 0.711205 2 5 3
0.334242 0.711354 0.711354 2 5 3
0.333949 0.711502 0.711502 2 5 3
0.333656 0.711651 0.711651 2 5 3
0.333363 0.711799 0.711799 2 5 3
0.333071 0.711947 0.711947 2 5 3
0.332778 0.712095 0.712095 2 5 3
0.332485 0.712243 0.712243 2 5 3
0.332192 0.712391 0.712391 2 5 3
0.331899 0.712538 0.712538 2 5 3
0.331607 0.712686 0.712686 2 5 3
0.331314 0.712834 0.712834 2 5 3
0.331021 0.712981 0.712981 2 5 3
0.330729 0.713129 0.713129 2 5 3
0.330436 0.713276 0.713276 2 5 3
0.330144 0.713423 0.713423 2 5 3
0.329851 0.71357 0.71357 2 5 3
0.329559 0.713717 0.713717 2 5 3
0.329266 0.713864 0.713864 2 5 3
0.328974 0.714011 0.714011 2 5 3
0.328682 0.714158 0.714158 2 5 3
0.328389 0.714305 0.714305 2 5 3
0.328097 0.714451 0.714451 2 5 3
0.327805 0.714598 0.714598 2 5 3
0.327512 0.714744 0.714744 2 5 3
0.32722 0.714891 0.714891 2 5 3
0.326928 0.715037 0.715037 2 5 3
0.326636 0.715183 0.715183 2 5 3
0.326343 0.715329 0.715329 2 5 3
0.326051 0.715475 0.715475 2 5 3
0.325759 0.715621 0.715621 2 5 3
0.325467 0.715767 0.715767 2 5 3
0.325175 0.715913 0.715913 2 5 3
0.324883 0.716059 0.716059 2 5 3
0.324591 0.716204 0.716204 2 5 3
0.324299 0.71635 0.71635 2 5 3
0.324007 0.716495 0.716495 2 5 3
0.323715 0.716641 0.716641 2 5 3
0.323423 0.716786 0.716786 2 5 3
0.323131 0.716931 0.716931 2 5 3
0.322839 0.717076 0.717076 2 5 3
0.322548 0.717221 0.717221 2 5 3
0.322256 0.717366 0.717366 2 5 3
0.321964 0.717511 0.717511 2 5 3
0.321672 0.717656 0.717656 2 5 3
0.32138 0.7178 0.7178 2 5 3
0.321089 0.717945 0.717945 2 5 3
0.320797 0.71809 0.71809 2 5 3
0.320505 0.718234 0.718234 2 5 3
