0.929458 0 0 2 107 3
0.929454 -2.18079e-05 -2.18079e-05 2 107 3
0.929456 -6.39304e-06 -6.39304e-06 2 107 3
0.929455 -3.75681e-07 -3.75681e-07 2 107 3
0.929453 1.16596e-05 1.16596e-05 2 107 3
0.929451 3.57251e-05 3.57251e-05 2 107 3
0.929446 7.33394e-05 7.33394e-05 2 107 3
0.929442 0.000110952 0.000110952 2 107 3
0.929438 0.000148571 0.000148571 2 107 3
0.929434 0.000186191 0.000186191 2 107 3
0.929429 0.000223817 0.000223817 2 107 3
0.929425 0.000261445 0.000261445 2 107 3
0.929421 0.000299078 0.000299078 2 107 3
0.929416 0.000336711 0.000336711 2 107 3
0.929412 0.00037435 0.00037435 2 107 3
0.929408 0.000411991 0.000411991 2 107 3
0.929403 0.000449635 0.000449635 2 107 3
0.929399 0.000487285 0.000487285 2 107 3
0.929395 0.000524935 0.000524935 2 107 3
0.929391 0.000562592 0.000562592 2 107 3
0.929386 0.000600247 0.000600247 2 107 3
0.929382 0.00063791 0.00063791 2 107 3
0.929378 0.000675574 0.000675574 2 107 3
0.929373 0.000713242 0.000713242 2 107 3
0.929369 0.000750914 0.000750914 2 107 3
0.929365 0.000788588 0.000788588 2 107 3
0.92936 0.000826265 0.000826265 2 107 3
0.929356 0.000863947 0.000863947 2 107 3
0.929352 0.00090163 0.00090163 2 107 3
0.929347 0.00093932 0.00093932 2 107 3
0.929343 0.000977009 0.000977009 2 107 3
0.929339 0.0010147 0.0010147 2 107 3
0.929335 0.0010524 0.0010524 2 107 3
0.92933 0.0010901 0.0010901 2 107 3
0.929326 0.00112781 0.00112781 2 107 3
0.929322 0.00116551 0.00116551 2 107 3
0.929317 0.00120323 0.00120323 2 107 3
0.929313 0.00124094 0.00124094 2 107 3
0.929309 0.00127866 0.00127866 2 107 3
0.929304 0.00131638 0.00131638 2 107 3
0.9293 0.0013541 0.0013541 2 107 3
0.929296 0.00139183 0.00139183 2 107 3
0.929291 0.00142956 0.00142956 2 107 3
0.929287 0.0014673 0.0014673 2 107 3
0.929283 0.00150503 0.00150503 2 107 3
0.929279 0.00154278 0.00154278 2 107 3
0.929274 0.00158052 0.00158052 2 107 3
0.92927 0.00161827 0.00161827 2 107 3
0.929266 0.00165602 0.00165602 2 107 3
0.929261 0.00169377 0.00169377 2 107 3
0.929257 0.00173153 0.00173153 2 107 3
0.929253 0.00176929 0.00176929 2 107 3
0.929248 0.00180706 0.00180706 2 107 3
0.929244 0.00184482 0.00184482 2 107 3
0.92924 0.0018826 0.0018826 2 107 3
0.929235 0.00192037 0.00192037 2 107 3
0.929231 0.00195815 0.00195815 2 107 3
0.929227 0.00199593 0.00199593 2 107 3
0.929222 0.00203371 0.00203371 2 107 3
0.929218 0.0020715 0.0020715 2 107 3
0.929214 0.00210929 0.00210929 2 107 3
0.929209 0.00214708 0.00214708 2 107 3
0.929205 0.00218488 0.00218488 2 107 3
0.929201 0.00222268 0.00222268 2 107 3
0.929196 0.00226049 0.00226049 2 107 3
0.929192 0.0022983 0.0022983 2 107 3
0.929188 0.00233611 0.00233611 2 107 3
0.929183 0.00237392 0.00237392 2 107 3
0.929179 0.00241174 0.00241174 2 107 3
0.929175 0.00244956 0.00244956 2 107 3
0.92917 0.00248739 0.00248739 2 107 3
0.929166 0.00252521 0.00252521 2 107 3
0.929162 0.00256304 0.00256304 2 107 3
0.929157 0.00260088 0.00260088 2 107 3
0.929153 0.00263872 0.00263872 2 107 3
0.929149 0.00267656 0.00267656 2 107 3
0.929144 0.0027144 0.0027144 2 107 3
0.92914 0.00275225 0.00275225 2 107 3
0.929136 0.0027901 0.0027901 2 107 3
0.929131 0.00282796 0.00282796 2 107 3
0.929127 0.00286581 0.00286581 2 107 3
0.929123 0.00290368 0.00290368 2 107 3
0.929118 0.00294154 0.00294154 2 107 3
0.929114 0.00297941 0.00297941 2 107 3
0.92911 0.00301728 0.00301728 2 107 3
0.929105 0.00305515 0.00305515 2 107 3
0.929101 0.00309303 0.00309303 2 107 3
0.929097 0.00313091 0.00313091 2 107 3
0.929092 0.0031688 0.0031688 2 107 3
0.929088 0.00320669 0.00320669 2 107 3
0.929084 0.00324458 0.00324458 2 107 3
0.929079 0.00328247 0.00328247 2 107 3
0.929075 0.00332037 0.00332037 2 107 3
0.929071 0.00335827 0.00335827 2 107 3
0.929066 0.00339618 0.00339618 2 107 3
0.929062 0.00343409 0.00343409 2 107 3
0.929058 0.003472 0.003472 2 107 3
0.929053 0.00350991 0.00350991 2 107 3
0.929049 0.00354783 0.00354783 2 107 3
0.929045 0.00358575 0.00358575 2 107 3
0.92904 0.00362368 0.00362368 2 107 3
0.929036 0.00366161 0.00366161 2 107 3
0.929032 0.00369954 0.00369954 2 107 3
0.929027 0.00373747 0.00373747 2 107 3
0.929023 0.00377541 0.00377541 2 107 3
0.929019 0.00381335 0.00381335 2 107 3
0.929014 0.0038513 0.0038513 2 107 3
0.92901 0.00388925 0.00388925 2 107 3
0.929005 0.0039272 0.0039272 2 107 3
0.929001 0.00396515 0.00396515 2 107 3
0.928997 0.00400311 0.00400311 2 107 3
0.928992 0.00404107 0.00404107 2 107 3
0.928988 0.00407904 0.00407904 2 107 3
0.928984 0.00411701 0.00411701 2 107 3
0.928979 0.00415498 0.00415498 2 107 3
0.928975 0.00419296 0.00419296 2 107 3
0.928971 0.00423094 0.00423094 2 107 3
0.928966 0.00426892 0.00426892 2 107 3
0.928962 0.0043069 0.0043069 2 107 3
0.928958 0.00434489 0.00434489 2 107 3
0.928953 0.00438289 0.00438289 2 107 3
0.928949 0.00442088 0.00442088 2 107 3
0.928944 0.00445888 0.00445888 2 107 3
0.92894 0.00449688 0.00449688 2 107 3
0.928936 0.00453489 0.00453489 2 107 3
0.928931 0.0045729 0.0045729 2 107 3
0.928927 0.00461091 0.00461091 2 107 3
0.928923 0.00464893 0.00464893 2 107 3
0.928918 0.00468695 0.00468695 2 107 3
0.928914 0.00472497 0.00472497 2 107 3
0.92891 0.00476299 0.00476299 2 107 3
0.928905 0.00480103 0.00480103 2 107 3
0.928901 0.00483906 0.00483906 2 107 3
0.928896 0.00487709 0.00487709 2 107 3
0.928892 0.00491514 0.00491514 2 107 3
0.928888 0.00495318 0.00495318 2 107 3
0.928883 0.00499123 0.00499123 2 107 3
0.928879 0.00502928 0.00502928 2 107 3
0.928875 0.00506733 0.00506733 2 107 3
0.92887 0.00510539 0.00510539 2 107 3
0.928866 0.00514345 0.00514345 2 107 3
0.928862 0.00518151 0.00518151 2 107 3
0.928857 0.00521958 0.00521958 2 107 3
0.928853 0.00525765 0.00525765 2 107 3
0.928848 0.00529572 0.00529572 2 107 3
0.928844 0.0053338 0.0053338 2 107 3
0.92884 0.00537188 0.00537188 2 107 3
0.928835 0.00540996 0.00540996 2 107 3
0.928831 0.00544805 0.00544805 2 107 3
0.928827 0.00548614 0.00548614 2 107 3
0.928822 0.00552423 0.00552423 2 107 3
0.928818 0.00556233 0.00556233 2 107 3
0.928813 0.00560043 0.00560043 2 107 3
0.928809 0.00563854 0.00563854 2 107 3
0.928805 0.00567664 0.00567664 2 107 3
0.9288 0.00571476 0.00571476 2 107 3
0.928796 0.00575287 0.00575287 2 107 3
0.928792 0.00579099 0.00579099 2 107 3
0.928787 0.00582911 0.00582911 2 107 3
0.928783 0.00586724 0.00586724 2 107 3
0.928778 0.00590536 0.00590536 2 107 3
0.928774 0.00594349 0.00594349 2 107 3
0.92877 0.00598163 0.00598163 2 107 3
0.928765 0.00601977 0.00601977 2 107 3
0.928761 0.00605791 0.00605791 2 107 3
0.928756 0.00609605 0.00609605 2 107 3
0.928752 0.0061342 0.0061342 2 107 3
0.928748 0.00617235 0.00617235 2 107 3
0.928743 0.00621051 0.00621051 2 107 3
0.928739 0.00624867 0.00624867 2 107 3
0.928735 0.00628683 0.00628683 2 107 3
0.92873 0.006325 0.006325 2 107 3
0.928726 0.00636317 0.00636317 2 107 3
0.928721 0.00640134 0.00640134 2 107 3
0.928717 0.00643951 0.00643951 2 107 3
0.928713 0.00647769 0.00647769 2 107 3
0.928708 0.00651587 0.00651587 2 107 3
0.928704 0.00655406 0.00655406 2 107 3
0.928699 0.00659225 0.00659225 2 107 3
0.928695 0.00663044 0.00663044 2 107 3
0.928691 0.00666864 0.00666864 2 107 3
0.928686 0.00670684 0.00670684 2 107 3
0.928682 0.00674504 0.00674504 2 107 3
0.928677 0.00678325 0.00678325 2 107 3
0.928673 0.00682146 0.00682146 2 107 3
0.928669 0.00685967 0.00685967 2 107 3
0.928664 0.00689789 0.00689789 2 107 3
0.92866 0.00693611 0.00693611 2 107 3
0.928655 0.00697433 0.00697433 2 107 3
0.928651 0.00701256 0.00701256 2 107 3
0.928647 0.00705079 0.00705079 2 107 3
0.928642 0.00708902 0.00708902 2 107 3
0.928638 0.00712726 0.00712726 2 107 3
0.928633 0.0071655 0.0071655 2 107 3
0.928629 0.00720375 0.00720375 2 107 3
0.928625 0.007242 0.007242 2 107 3
0.92862 0.00728025 0.00728025 2 107 3
0.928616 0.0073185 0.0073185 2 107 3
0.928611 0.00735676 0.00735676 2 107 3
0.928607 0.00739502 0.00739502 2 107 3
0.929453 0 0 2 2 3
0.929452 4.339e-05 4.339e-05 2 2 3
0.929447 6.68301e-05 6.68301e-05 2 2 3
0.92944 0.000127006 0.000127006 2 2 3
0.929427 0.000247382 0.000247382 2 2 3
0.929399 0.000488196 0.000488196 2 2 3
0.929356 0.00086469 0.00086469 2 2 3
0.929313 0.00124163 0.00124163 2 2 3
0.92927 0.00161895 0.00161895 2 2 3
0.929227 0.00199661 0.00199661 2 2 3
0.929183 0.00237461 0.00237461 2 2 3
0.92914 0.00275294 0.00275294 2 2 3
0.929097 0.0031316 0.0031316 2 2 3
0.929053 0.0035106 0.0035106 2 2 3
0.92901 0.00388993 0.00388993 2 2 3
0.928966 0.0042696 0.0042696 2 2 3
0.928923 0.00464961 0.00464961 2 2 3
0.928879 0.00502996 0.00502996 2 2 3
0.928835 0.00541065 0.00541065 2 2 3
0.928791 0.00579168 0.00579168 2 2 3
0.928748 0.00617304 0.00617304 2 2 3
0.928704 0.00655475 0.00655475 2 2 3
0.92866 0.0069368 0.0069368 2 2 3
0.928616 0.00731919 0.00731919 2 2 3
0.928572 0.00770192 0.00770192 2 2 3
0.928528 0.008085 0.008085 2 2 3
0.928483 0.00846842 0.00846842 2 2 3
0.928439 0.00885219 0.00885219 2 2 3
0.928395 0.0092363 0.0092363 2 2 3
0.928351 0.00962076 0.00962076 2 2 3
0.928306 0.0100056 0.0100056 2 2 3
0.928262 0.0103907 0.0103907 2 2 3
0.928217 0.0107762 0.0107762 2 2 3
0.928173 0.0111621 0.0111621 2 2 3
0.928128 0.0115483 0.0115483 2 2 3
0.928083 0.0119348 0.0119348 2 2 3
0.928038 0.0123217 0.0123217 2 2 3
0.927994 0.012709 0.012709 2 2 3
0.927949 0.0130966 0.0130966 2 2 3
0.927904 0.0134845 0.0134845 2 2 3
0.927859 0.0138728 0.0138728 2 2 3
0.927814 0.0142615 0.0142615 2 2 3
0.927769 0.0146505 0.0146505 2 2 3
0.927723 0.0150399 0.0150399 2 2 3
0.927678 0.0154296 0.0154296 2 2 3
0.927633 0.0158197 0.0158197 2 2 3
0.927587 0.0162101 0.0162101 2 2 3
0.927542 0.0166009 0.0166009 2 2 3
0.927496 0.0169921 0.0169921 2 2 3
0.927451 0.0173836 0.0173836 2 2 3
0.927405 0.0177755 0.0177755 2 2 3
0.92736 0.0181677 0.0181677 2 2 3
0.927314 0.0185603 0.0185603 2 2 3
0.927268 0.0189533 0.0189533 2 2 3
0.927222 0.0193466 0.0193466 2 2 3
0.927176 0.0197403 0.0197403 2 2 3
0.92713 0.0201344 0.0201344 2 2 3
0.927084 0.0205288 0.0205288 2 2 3
0.927038 0.0209236 0.0209236 2 2 3
0.926992 0.0213187 0.0213187 2 2 3
0.926946 0.0217142 0.0217142 2 2 3
0.926899 0.0221101 0.0221101 2 2 3
0.926853 0.0225064 0.0225064 2 2 3
0.926806 0.022903 0.022903 2 2 3
0.92676 0.0233 0.0233 2 2 3
0.926713 0.0236974 0.0236974 2 2 3
0.926667 0.0240951 0.0240951 2 2 3
0.92662 0.0244932 0.0244932 2 2 3
0.926573 0.0248917 0.0248917 2 2 3
0.926526 0.0252905 0.0252905 2 2 3
0.926479 0.0256898 0.0256898 2 2 3
0.926432 0.0260894 0.0260894 2 2 3
0.926385 0.0264893 0.0264893 2 2 3
0.926338 0.0268897 0.0268897 2 2 3
0.926291 0.0272904 0.0272904 2 2 3
0.926244 0.0276915 0.0276915 2 2 3
0.926197 0.028093 0.028093 2 2 3
0.926149 0.0284949 0.0284949 2 2 3
0.926102 0.0288971 0.0288971 2 2 3
0.926054 0.0292997 0.0292997 2 2 3
0.926007 0.0297028 0.0297028 2 2 3
0.925959 0.0301061 0.0301061 2 2 3
0.925912 0.0305099 0.0305099 2 2 3
0.925864 0.0309141 0.0309141 2 2 3
0.925816 0.0313186 0.0313186 2 2 3
0.925768 0.0317235 0.0317235 2 2 3
0.92572 0.0321288 0.0321288 2 2 3
0.925672 0.0325345 0.0325345 2 2 3
0.925624 0.0329406 0.0329406 2 2 3
0.925576 0.033347 0.033347 2 2 3
0.925528 0.0337539 0.0337539 2 2 3
0.925479 0.0341611 0.0341611 2 2 3
0.925431 0.0345688 0.0345688 2 2 3
0.925382 0.0349768 0.0349768 2 2 3
0.925334 0.0353852 0.0353852 2 2 3
0.925285 0.035794 0.035794 2 2 3
0.925237 0.0362032 0.0362032 2 2 3
0.925188 0.0366128 0.0366128 2 2 3
0.925139 0.0370228 0.0370228 2 2 3
0.92509 0.0374332 0.0374332 2 2 3
0.925041 0.0378439 0.0378439 2 2 3
0.924992 0.0382551 0.0382551 2 2 3
0.924943 0.0386667 0.0386667 2 2 3
0.924894 0.0390786 0.0390786 2 2 3
0.924845 0.039491 0.039491 2 2 3
0.924796 0.0399038 0.0399038 2 2 3
0.924746 0.0403169 0.0403169 2 2 3
0.924697 0.0407305 0.0407305 2 2 3
0.924648 0.0411444 0.0411444 2 2 3
0.924598 0.0415588 0.0415588 2 2 3
0.924548 0.0419736 0.0419736 2 2 3
0.924499 0.0423887 0.0423887 2 2 3
0.924449 0.0428043 0.0428043 2 2 3
0.924399 0.0432203 0.0432203 2 2 3
0.924349 0.0436367 0.0436367 2 2 3
0.924299 0.0440535 0.0440535 2 2 3
0.924249 0.0444707 0.0444707 2 2 3
0.924199 0.0448883 0.0448883 2 2 3
0.924149 0.0453063 0.0453063 2 2 3
0.924098 0.0457247 0.0457247 2 2 3
0.924048 0.0461435 0.0461435 2 2 3
0.923998 0.0465628 0.0465628 2 2 3
0.923947 0.0469824 0.0469824 2 2 3
0.923897 0.0474025 0.0474025 2 2 3
0.923846 0.047823 0.047823 2 2 3
0.923795 0.0482439 0.0482439 2 2 3
0.923744 0.0486652 0.0486652 2 2 3
0.923694 0.0490869 0.0490869 2 2 3
0.923643 0.0495091 0.0495091 2 2 3
0.923592 0.0499316 0.0499316 2 2 3
0.923541 0.0503546 0.0503546 2 2 3
0.923489 0.050778 0.050778 2 2 3
0.923438 0.0512018 0.0512018 2 2 3
0.923387 0.0516261 0.0516261 2 2 3
0.923335 0.0520507 0.0520507 2 2 3
0.923284 0.0524758 0.0524758 2 2 3
0.923232 0.0529013 0.0529013 2 2 3
0.923181 0.0533272 0.0533272 2 2 3
0.923129 0.0537536 0.0537536 2 2 3
0.923077 0.0541803 0.0541803 2 2 3
0.923026 0.0546075 0.0546075 2 2 3
0.922974 0.0550352 0.0550352 2 2 3
0.922922 0.0554632 0.0554632 2 2 3
0.92287 0.0558917 0.0558917 2 2 3
0.922817 0.0563206 0.0563206 2 2 3
0.922765 0.0567499 0.0567499 2 2 3
0.922713 0.0571797 0.0571797 2 2 3
0.922661 0.0576099 0.0576099 2 2 3
0.922608 0.0580405 0.0580405 2 2 3
0.922556 0.0584716 0.0584716 2 2 3
0.922503 0.0589031 0.0589031 2 2 3
0.92245 0.059335 0.059335 2 2 3
0.922397 0.0597674 0.0597674 2 2 3
0.922345 0.0602002 0.0602002 2 2 3
0.922292 0.0606334 0.0606334 2 2 3
0.922239 0.0610671 0.0610671 2 2 3
0.922186 0.0615012 0.0615012 2 2 3
0.922132 0.0619357 0.0619357 2 2 3
0.922079 0.0623707 0.0623707 2 2 3
0.922026 0.0628061 0.0628061 2 2 3
0.921972 0.063242 0.063242 2 2 3
0.921919 0.0636783 0.0636783 2 2 3
0.921865 0.0641151 0.0641151 2 2 3
0.921812 0.0645523 0.0645523 2 2 3
0.921758 0.0649899 0.0649899 2 2 3
0.921704 0.065428 0.065428 2 2 3
0.92165 0.0658665 0.0658665 2 2 3
0.921596 0.0663055 0.0663055 2 2 3
0.921542 0.0667449 0.0667449 2 2 3
0.921488 0.0671848 0.0671848 2 2 3
0.921434 0.0676251 0.0676251 2 2 3
0.92138 0.0680659 0.0680659 2 2 3
0.921325 0.0685071 0.0685071 2 2 3
0.921271 0.0689488 0.0689488 2 2 3
0.921216 0.069391 0.069391 2 2 3
0.921162 0.0698335 0.0698335 2 2 3
0.921107 0.0702766 0.0702766 2 2 3
0.921052 0.0707201 0.0707201 2 2 3
0.920998 0.071164 0.071164 2 2 3
0.920943 0.0716084 0.0716084 2 2 3
0.920888 0.0720533 0.0720533 2 2 3
0.920832 0.0724986 0.0724986 2 2 3
0.920777 0.0729444 0.0729444 2 2 3
0.920722 0.0733906 0.0733906 2 2 3
0.920667 0.0738373 0.0738373 2 2 3
0.920611 0.0742845 0.0742845 2 2 3
0.920556 0.0747321 0.0747321 2 2 3
0.9205 0.0751802 0.0751802 2 2 3
0.920444 0.0756288 0.0756288 2 2 3
0.920389 0.0760778 0.0760778 2 2 3
0.920333 0.0765273 0.0765273 2 2 3
0.920277 0.0769772 0.0769772 2 2 3
0.920221 0.0774276 0.0774276 2 2 3
0.920165 0.0778785 0.0778785 2 2 3
0.920109 0.0783299 0.0783299 2 2 3
0.920052 0.0787817 0.0787817 2 2 3
0.919996 0.079234 0.079234 2 2 3
0.919939 0.0796867 0.0796867 2 2 3
0.919883 0.08014 0.08014 2 2 3
0.919826 0.0805937 0.0805937 2 2 3
0.91977 0.0810479 0.0810479 2 2 3
0.919713 0.0815025 0.0815025 2 2 3
0.919656 0.0819577 0.0819577 2 2 3
0.919599 0.0824133 0.0824133 2 2 3
0.919542 0.0828694 0.0828694 2 2 3
0.919485 0.083326 0.083326 2 2 3
0.919427 0.083783 0.083783 2 2 3
0.91937 0.0842406 0.0842406 2 2 3
0.919313 0.0846986 0.0846986 2 2 3
0.919255 0.0851571 0.0851571 2 2 3
0.919198 0.085616 0.085616 2 2 3
0.91914 0.0860755 0.0860755 2 2 3
0.919082 0.0865354 0.0865354 2 2 3
0.919024 0.0869959 0.0869959 2 2 3
0.918966 0.0874568 0.0874568 2 2 3
0.918908 0.0879182 0.0879182 2 2 3
0.91885 0.0883801 0.0883801 2 2 3
0.918792 0.0888425 0.0888425 2 2 3
0.918734 0.0893053 0.0893053 2 2 3
0.918675 0.0897687 0.0897687 2 2 3
0.918617 0.0902326 0.0902326 2 2 3
0.918558 0.0906969 0.0906969 2 2 3
0.9185 0.0911618 0.0911618 2 2 3
0.918441 0.0916271 0.0916271 2 2 3
0.918382 0.0920929 0.0920929 2 2 3
0.918323 0.0925593 0.0925593 2 2 3
0.918264 0.0930261 0.0930261 2 2 3
0.918205 0.0934934 0.0934934 2 2 3
0.918146 0.0939612 0.0939612 2 2 3
0.918087 0.0944295 0.0944295 2 2 3
0.918027 0.0948984 0.0948984 2 2 3
0.917968 0.0953677 0.0953677 2 2 3
0.917908 0.0958375 0.0958375 2 2 3
0.917848 0.0963078 0.0963078 2 2 3
0.917789 0.0967787 0.0967787 2 2 3
0.917729 0.09725 0.09725 2 2 3
0.917669 0.0977219 0.0977219 2 2 3
0.917609 0.0981942 0.0981942 2 2 3
0.917549 0.0986671 0.0986671 2 2 3
0.917489 0.0991404 0.0991404 2 2 3
0.917428 0.0996143 0.0996143 2 2 3
0.917368 0.100089 0.100089 2 2 3
0.917307 0.100564 0.100564 2 2 3
0.917247 0.101039 0.101039 2 2 3
0.917186 0.101515 0.101515 2 2 3
0.917125 0.101991 0.101991 2 2 3
0.917064 0.102468 0.102468 2 2 3
0.917003 0.102946 0.102946 2 2 3
0.916942 0.103424 0.103424 2 2 3
0.916881 0.103902 0.103902 2 2 3
0.91682 0.104381 0.104381 2 2 3
0.916759 0.104861 0.104861 2 2 3
0.916697 0.105341 0.105341 2 2 3
0.916636 0.105822 0.105822 2 2 3
0.916574 0.106303 0.106303 2 2 3
0.916512 0.106784 0.106784 2 2 3
0.91645 0.107266 0.107266 2 2 3
0.916388 0.107749 0.107749 2 2 3
0.916326 0.108232 0.108232 2 2 3
0.916264 0.108716 0.108716 2 2 3
0.916202 0.1092 0.1092 2 2 3
0.91614 0.109685 0.109685 2 2 3
0.916077 0.110171 0.110171 2 2 3
0.916015 0.110656 0.110656 2 2 3
0.915952 0.111143 0.111143 2 2 3
0.91589 0.11163 0.11163 2 2 3
0.915827 0.112117 0.112117 2 2 3
0.915764 0.112605 0.112605 2 2 3
0.915701 0.113094 0.113094 2 2 3
0.915638 0.113583 0.113583 2 2 3
0.915575 0.114072 0.114072 2 2 3
0.915511 0.114563 0.114563 2 2 3
0.915448 0.115053 0.115053 2 2 3
0.915384 0.115544 0.115544 2 2 3
0.915321 0.116036 0.116036 2 2 3
0.915257 0.116529 0.116529 2 2 3
0.915193 0.117021 0.117021 2 2 3
0.915129 0.117515 0.117515 2 2 3
0.915065 0.118009 0.118009 2 2 3
0.915001 0.118503 0.118503 2 2 3
0.914937 0.118998 0.118998 2 2 3
0.914873 0.119494 0.119494 2 2 3
0.914808 0.11999 0.11999 2 2 3
0.914744 0.120487 0.120487 2 2 3
0.914679 0.120984 0.120984 2 2 3
0.914614 0.121482 0.121482 2 2 3
0.91455 0.12198 0.12198 2 2 3
0.914485 0.122479 0.122479 2 2 3
0.91442 0.122978 0.122978 2 2 3
0.914355 0.123479 0.123479 2 2 3
0.914289 0.123979 0.123979 2 2 3
0.914224 0.12448 0.12448 2 2 3
0.914158 0.124982 0.124982 2 2 3
0.914093 0.125484 0.125484 2 2 3
0.914027 0.125987 0.125987 2 2 3
0.913962 0.12649 0.12649 2 2 3
0.913896 0.126994 0.126994 2 2 3
0.91383 0.127499 0.127499 2 2 3
0.913764 0.128004 0.128004 2 2 3
0.913698 0.12851 0.12851 2 2 3
0.913631 0.129016 0.129016 2 2 3
0.913565 0.129523 0.129523 2 2 3
0.913498 0.13003 0.13003 2 2 3
0.913432 0.130538 0.130538 2 2 3
0.913365 0.131046 0.131046 2 2 3
0.913298 0.131555 0.131555 2 2 3
0.913231 0.132065 0.132065 2 2 3
0.913164 0.132575 0.132575 2 2 3
0.913097 0.133086 0.133086 2 2 3
0.91303 0.133598 0.133598 2 2 3
0.912963 0.134109 0.134109 2 2 3
0.912895 0.134622 0.134622 2 2 3
0.912828 0.135135 0.135135 2 2 3
0.91276 0.135649 0.135649 2 2 3
0.912692 0.136163 0.136163 2 2 3
0.912624 0.136678 0.136678 2 2 3
0.912556 0.137193 0.137193 2 2 3
0.912488 0.137709 0.137709 2 2 3
0.91242 0.138226 0.138226 2 2 3
0.912352 0.138743 0.138743 2 2 3
0.912283 0.139261 0.139261 2 2 3
0.912215 0.13978 0.13978 2 2 3
0.912146 0.140299 0.140299 2 2 3
0.912077 0.140818 0.140818 2 2 3
0.912008 0.141338 0.141338 2 2 3
0.911939 0.141859 0.141859 2 2 3
0.91187 0.14238 0.14238 2 2 3
0.911801 0.142902 0.142902 2 2 3
0.911732 0.143425 0.143425 2 2 3
0.911662 0.143948 0.143948 2 2 3
0.911593 0.144472 0.144472 2 2 3
0.911523 0.144996 0.144996 2 2 3
0.911453 0.145521 0.145521 2 2 3
0.911384 0.146047 0.146047 2 2 3
0.911314 0.146573 0.146573 2 2 3
0.911244 0.1471 0.1471 2 2 3
0.911173 0.147627 0.147627 2 2 3
0.911103 0.148155 0.148155 2 2 3
0.911033 0.148684 0.148684 2 2 3
0.910962 0.149213 0.149213 2 2 3
0.910891 0.149743 0.149743 2 2 3
0.910821 0.150273 0.150273 2 2 3
0.91075 0.150804 0.150804 2 2 3
0.910679 0.151336 0.151336 2 2 3
0.910608 0.151868 0.151868 2 2 3
0.910536 0.152401 0.152401 2 2 3
0.910465 0.152935 0.152935 2 2 3
0.910393 0.153469 0.153469 2 2 3
0.910322 0.154003 0.154003 2 2 3
0.91025 0.154539 0.154539 2 2 3
0.910178 0.155075 0.155075 2 2 3
0.910106 0.155611 0.155611 2 2 3
0.910034 0.156149 0.156149 2 2 3
0.909962 0.156687 0.156687 2 2 3
0.90989 0.157225 0.157225 2 2 3
0.909817 0.157764 0.157764 2 2 3
0.909745 0.158304 0.158304 2 2 3
0.909672 0.158844 0.158844 2 2 3
0.9096 0.159385 0.159385 2 2 3
0.909527 0.159927 0.159927 2 2 3
0.909454 0.160469 0.160469 2 2 3
0.909381 0.161012 0.161012 2 2 3
0.909307 0.161556 0.161556 2 2 3
0.909234 0.1621 0.1621 2 2 3
0.909161 0.162645 0.162645 2 2 3
0.909087 0.16319 0.16319 2 2 3
0.909013 0.163736 0.163736 2 2 3
0.908939 0.164283 0.164283 2 2 3
0.908865 0.164831 0.164831 2 2 3
0.908791 0.165379 0.165379 2 2 3
0.908717 0.165927 0.165927 2 2 3
0.908643 0.166477 0.166477 2 2 3
0.908568 0.167027 0.167027 2 2 3
0.908494 0.167577 0.167577 2 2 3
0.908419 0.168129 0.168129 2 2 3
0.908344 0.168681 0.168681 2 2 3
0.908269 0.169233 0.169233 2 2 3
0.908194 0.169787 0.169787 2 2 3
0.908119 0.17034 0.17034 2 2 3
0.908044 0.170895 0.170895 2 2 3
0.907968 0.17145 0.17145 2 2 3
0.907893 0.172006 0.172006 2 2 3
0.907817 0.172563 0.172563 2 2 3
0.907741 0.17312 0.17312 2 2 3
0.907666 0.173678 0.173678 2 2 3
0.90759 0.174236 0.174236 2 2 3
0.907513 0.174796 0.174796 2 2 3
0.907437 0.175355 0.175355 2 2 3
0.907361 0.175916 0.175916 2 2 3
0.907284 0.176477 0.176477 2 2 3
0.907207 0.177039 0.177039 2 2 3
0.907131 0.177602 0.177602 2 2 3
0.907054 0.178165 0.178165 2 2 3
0.906977 0.178729 0.178729 2 2 3
0.906899 0.179293 0.179293 2 2 3
0.906822 0.179859 0.179859 2 2 3
0.906745 0.180425 0.180425 2 2 3
0.906667 0.180991 0.180991 2 2 3
0.90659 0.181559 0.181559 2 2 3
0.906512 0.182127 0.182127 2 2 3
0.906434 0.182695 0.182695 2 2 3
0.906356 0.183265 0.183265 2 2 3
0.906277 0.183835 0.183835 2 2 3
0.906199 0.184405 0.184405 2 2 3
0.906121 0.184977 0.184977 2 2 3
0.906042 0.185549 0.185549 2 2 3
0.905963 0.186122 0.186122 2 2 3
0.905884 0.186695 0.186695 2 2 3
0.905806 0.187269 0.187269 2 2 3
0.905726 0.187844 0.187844 2 2 3
0.905647 0.18842 0.18842 2 2 3
0.905568 0.188996 0.188996 2 2 3
0.905488 0.189573 0.189573 2 2 3
0.905409 0.190151 0.190151 2 2 3
0.905329 0.190729 0.190729 2 2 3
0.905249 0.191308 0.191308 2 2 3
0.905169 0.191888 0.191888 2 2 3
0.905089 0.192469 0.192469 2 2 3
0.905008 0.19305 0.19305 2 2 3
0.904928 0.193632 0.193632 2 2 3
0.904847 0.194214 0.194214 2 2 3
0.904767 0.194798 0.194798 2 2 3
0.904686 0.195382 0.195382 2 2 3
0.904605 0.195966 0.195966 2 2 3
0.904524 0.196552 0.196552 2 2 3
0.904443 0.197138 0.197138 2 2 3
0.904361 0.197725 0.197725 2 2 3
0.90428 0.198313 0.198313 2 2 3
0.904198 0.198901 0.198901 2 2 3
0.904116 0.19949 0.19949 2 2 3
0.904034 0.20008 0.20008 2 2 3
0.903952 0.20067 0.20067 2 2 3
0.90387 0.201262 0.201262 2 2 3
0.903788 0.201854 0.201854 2 2 3
0.903705 0.202446 0.202446 2 2 3
0.903622 0.20304 0.20304 2 2 3
0.90354 0.203634 0.203634 2 2 3
0.903457 0.204229 0.204229 2 2 3
0.903374 0.204825 0.204825 2 2 3
0.903291 0.205421 0.205421 2 2 3
0.903207 0.206018 0.206018 2 2 3
0.903124 0.206616 0.206616 2 2 3
0.90304 0.207215 0.207215 2 2 3
0.902957 0.207814 0.207814 2 2 3
0.902873 0.208414 0.208414 2 2 3
0.902789 0.209015 0.209015 2 2 3
0.902704 0.209616 0.209616 2 2 3
0.90262 0.210219 0.210219 2 2 3
0.902536 0.210822 0.210822 2 2 3
0.902451 0.211426 0.211426 2 2 3
0.902366 0.21203 0.21203 2 2 3
0.902282 0.212636 0.212636 2 2 3
0.902197 0.213242 0.213242 2 2 3
0.902111 0.213849 0.213849 2 2 3
0.902026 0.214456 0.214456 2 2 3
0.901941 0.215065 0.215065 2 2 3
0.901855 0.215674 0.215674 2 2 3
0.901769 0.216284 0.216284 2 2 3
0.901683 0.216894 0.216894 2 2 3
0.901597 0.217506 0.217506 2 2 3
0.901511 0.218118 0.218118 2 2 3
0.901425 0.218731 0.218731 2 2 3
0.901338 0.219345 0.219345 2 2 3
0.901252 0.219959 0.219959 2 2 3
0.901165 0.220574 0.220574 2 2 3
0.901078 0.221191 0.221191 2 2 3
0.900991 0.221807 0.221807 2 2 3
0.900904 0.222425 0.222425 2 2 3
0.900816 0.223043 0.223043 2 2 3
0.900729 0.223663 0.223663 2 2 3
0.900641 0.224283 0.224283 2 2 3
0.900554 0.224903 0.224903 2 2 3
0.900466 0.225525 0.225525 2 2 3
0.900377 0.226147 0.226147 2 2 3
0.900289 0.22677 0.22677 2 2 3
0.900201 0.227394 0.227394 2 2 3
0.900112 0.228019 0.228019 2 2 3
0.900024 0.228644 0.228644 2 2 3
0.899935 0.229271 0.229271 2 2 3
0.899846 0.229898 0.229898 2 2 3
0.899757 0.230526 0.230526 2 2 3
0.899667 0.231154 0.231154 2 2 3
0.899578 0.231784 0.231784 2 2 3
0.899488 0.232414 0.232414 2 2 3
0.899398 0.233045 0.233045 2 2 3
0.899308 0.233677 0.233677 2 2 3
0.899218 0.23431 0.23431 2 2 3
0.899128 0.234943 0.234943 2 2 3
0.899038 0.235578 0.235578 2 2 3
0.898947 0.236213 0.236213 2 2 3
0.898857 0.236849 0.236849 2 2 3
0.898766 0.237485 0.237485 2 2 3
0.898675 0.238123 0.238123 2 2 3
0.898583 0.238761 0.238761 2 2 3
0.898492 0.239401 0.239401 2 2 3
0.898401 0.240041 0.240041 2 2 3
0.898309 0.240682 0.240682 2 2 3
0.898217 0.241323 0.241323 2 2 3
0.898125 0.241966 0.241966 2 2 3
0.898033 0.242609 0.242609 2 2 3
0.897941 0.243254 0.243254 2 2 3
0.897848 0.243899 0.243899 2 2 3
0.897756 0.244544 0.244544 2 2 3
0.897663 0.245191 0.245191 2 2 3
0.89757 0.245839 0.245839 2 2 3
0.897477 0.246487 0.246487 2 2 3
0.897384 0.247136 0.247136 2 2 3
0.89729 0.247786 0.247786 2 2 3
0.897197 0.248437 0.248437 2 2 3
0.897103 0.249089 0.249089 2 2 3
0.897009 0.249742 0.249742 2 2 3
0.896915 0.250395 0.250395 2 2 3
0.896821 0.251049 0.251049 2 2 3
0.896727 0.251705 0.251705 2 2 3
0.896632 0.252361 0.252361 2 2 3
0.896537 0.253018 0.253018 2 2 3
0.896442 0.253675 0.253675 2 2 3
0.896347 0.254334 0.254334 2 2 3
0.896252 0.254993 0.254993 2 2 3
0.896157 0.255654 0.255654 2 2 3
0.896061 0.256315 0.256315 2 2 3
0.895966 0.256977 0.256977 2 2 3
0.89587 0.25764 0.25764 2 2 3
0.895774 0.258304 0.258304 2 2 3
0.895678 0.258969 0.258969 2 2 3
0.895581 0.259634 0.259634 2 2 3
0.895485 0.260301 0.260301 2 2 3
0.895388 0.260968 0.260968 2 2 3
0.895291 0.261636 0.261636 2 2 3
0.895194 0.262305 0.262305 2 2 3
0.895097 0.262975 0.262975 2 2 3
0.894999 0.263646 0.263646 2 2 3
0.894902 0.264318 0.264318 2 2 3
0.894804 0.26499 0.26499 2 2 3
0.894706 0.265664 0.265664 2 2 3
0.894608 0.266338 0.266338 2 2 3
0.89451 0.267014 0.267014 2 2 3
0.894411 0.26769 0.26769 2 2 3
0.894313 0.268367 0.268367 2 2 3
0.894214 0.269045 0.269045 2 2 3
0.894115 0.269724 0.269724 2 2 3
0.894016 0.270404 0.270404 2 2 3
0.893917 0.271085 0.271085 2 2 3
0.893817 0.271766 0.271766 2 2 3
0.893717 0.272449 0.272449 2 2 3
0.893618 0.273132 0.273132 2 2 3
0.893518 0.273817 0.273817 2 2 3
0.893417 0.274502 0.274502 2 2 3
0.893317 0.275188 0.275188 2 2 3
0.893216 0.275876 0.275876 2 2 3
0.893116 0.276564 0.276564 2 2 3
0.893015 0.277253 0.277253 2 2 3
0.892914 0.277943 0.277943 2 2 3
0.892813 0.278634 0.278634 2 2 3
0.892711 0.279325 0.279325 2 2 3
0.892609 0.280018 0.280018 2 2 3
0.892508 0.280712 0.280712 2 2 3
0.892406 0.281406 0.281406 2 2 3
0.892303 0.282102 0.282102 2 2 3
0.892201 0.282798 0.282798 2 2 3
0.892099 0.283496 0.283496 2 2 3
0.891996 0.284194 0.284194 2 2 3
0.891893 0.284894 0.284894 2 2 3
0.89179 0.285594 0.285594 2 2 3
0.891687 0.286295 0.286295 2 2 3
0.891583 0.286997 0.286997 2 2 3
0.89148 0.287701 0.287701 2 2 3
0.891376 0.288405 0.288405 2 2 3
0.891272 0.28911 0.28911 2 2 3
0.891167 0.289816 0.289816 2 2 3
0.891063 0.290523 0.290523 2 2 3
0.890958 0.291231 0.291231 2 2 3
0.890854 0.29194 0.29194 2 2 3
0.890749 0.29265 0.29265 2 2 3
0.890644 0.293361 0.293361 2 2 3
0.890538 0.294072 0.294072 2 2 3
0.890433 0.294785 0.294785 2 2 3
0.890327 0.295499 0.295499 2 2 3
0.890221 0.296214 0.296214 2 2 3
0.890115 0.29693 0.29693 2 2 3
0.890009 0.297646 0.297646 2 2 3
0.889902 0.298364 0.298364 2 2 3
0.889796 0.299083 0.299083 2 2 3
0.889689 0.299803 0.299803 2 2 3
0.889582 0.300523 0.300523 2 2 3
0.889474 0.301245 0.301245 2 2 3
0.889367 0.301968 0.301968 2 2 3
0.889259 0.302692 0.302692 2 2 3
0.889151 0.303416 0.303416 2 2 3
0.889043 0.304142 0.304142 2 2 3
0.888935 0.304869 0.304869 2 2 3
0.888827 0.305597 0.305597 2 2 3
0.888718 0.306326 0.306326 2 2 3
0.888609 0.307055 0.307055 2 2 3
0.8885 0.307786 0.307786 2 2 3
0.888391 0.308518 0.308518 2 2 3
0.888281 0.309251 0.309251 2 2 3
0.888172 0.309985 0.309985 2 2 3
0.888062 0.31072 0.31072 2 2 3
0.887952 0.311456 0.311456 2 2 3
0.887842 0.312193 0.312193 2 2 3
0.887731 0.312931 0.312931 2 2 3
0.88762 0.31367 0.31367 2 2 3
0.88751 0.31441 0.31441 2 2 3
0.887398 0.315151 0.315151 2 2 3
0.887287 0.315893 0.315893 2 2 3
0.887176 0.316637 0.316637 2 2 3
0.887064 0.317381 0.317381 2 2 3
0.886952 0.318126 0.318126 2 2 3
0.88684 0.318873 0.318873 2 2 3
0.886728 0.31962 0.31962 2 2 3
0.886615 0.320369 0.320369 2 2 3
0.886502 0.321118 0.321118 2 2 3
0.88639 0.321869 0.321869 2 2 3
0.886276 0.322621 0.322621 2 2 3
0.886163 0.323374 0.323374 2 2 3
0.886049 0.324127 0.324127 2 2 3
0.885936 0.324882 0.324882 2 2 3
0.885822 0.325638 0.325638 2 2 3
0.885707 0.326396 0.326396 2 2 3
0.885593 0.327154 0.327154 2 2 3
0.885478 0.327913 0.327913 2 2 3
0.885363 0.328673 0.328673 2 2 3
0.885248 0.329435 0.329435 2 2 3
0.885133 0.330197 0.330197 2 2 3
0.885018 0.330961 0.330961 2 2 3
0.884902 0.331726 0.331726 2 2 3
0.884786 0.332492 0.332492 2 2 3
0.88467 0.333259 0.333259 2 2 3
0.884553 0.334027 0.334027 2 2 3
0.884437 0.334796 0.334796 2 2 3
0.88432 0.335566 0.335566 2 2 3
0.884203 0.336338 0.336338 2 2 3
0.884086 0.33711 0.33711 2 2 3
0.883968 0.337884 0.337884 2 2 3
0.88385 0.338658 0.338658 2 2 3
0.883733 0.339434 0.339434 2 2 3
0.883614 0.340211 0.340211 2 2 3
0.883496 0.340989 0.340989 2 2 3
0.883377 0.341769 0.341769 2 2 3
0.883259 0.342549 0.342549 2 2 3
0.883139 0.343331 0.343331 2 2 3
0.88302 0.344113 0.344113 2 2 3
0.882901 0.344897 0.344897 2 2 3
0.882781 0.345682 0.345682 2 2 3
0.882661 0.346468 0.346468 2 2 3
0.882541 0.347256 0.347256 2 2 3
0.88242 0.348044 0.348044 2 2 3
0.8823 0.348834 0.348834 2 2 3
0.882179 0.349625 0.349625 2 2 3
0.882058 0.350416 0.350416 2 2 3
0.881936 0.35121 0.35121 2 2 3
0.881815 0.352004 0.352004 2 2 3
0.881693 0.352799 0.352799 2 2 3
0.881571 0.353596 0.353596 2 2 3
0.881448 0.354394 0.354394 2 2 3
0.881326 0.355193 0.355193 2 2 3
0.881203 0.355993 0.355993 2 2 3
0.88108 0.356794 0.356794 2 2 3
0.880957 0.357597 0.357597 2 2 3
0.880833 0.358401 0.358401 2 2 3
0.880709 0.359206 0.359206 2 2 3
0.880585 0.360012 0.360012 2 2 3
0.880461 0.360819 0.360819 2 2 3
0.880337 0.361628 0.361628 2 2 3
0.880212 0.362438 0.362438 2 2 3
0.880087 0.363249 0.363249 2 2 3
0.879962 0.364061 0.364061 2 2 3
0.879836 0.364874 0.364874 2 2 3
0.879711 0.365689 0.365689 2 2 3
0.879585 0.366505 0.366505 2 2 3
0.879458 0.367322 0.367322 2 2 3
0.879332 0.368141 0.368141 2 2 3
0.879205 0.36896 0.36896 2 2 3
0.879078 0.369781 0.369781 2 2 3
0.878951 0.370603 0.370603 2 2 3
0.878824 0.371426 0.371426 2 2 3
0.878696 0.372251 0.372251 2 2 3
0.878568 0.373077 0.373077 2 2 3
0.87844 0.373904 0.373904 2 2 3
0.878311 0.374732 0.374732 2 2 3
0.878183 0.375562 0.375562 2 2 3
0.878054 0.376393 0.376393 2 2 3
0.877924 0.377225 0.377225 2 2 3
0.877795 0.378058 0.378058 2 2 3
0.877665 0.378893 0.378893 2 2 3
0.877535 0.379729 0.379729 2 2 3
0.877405 0.380567 0.380567 2 2 3
0.877274 0.381405 0.381405 2 2 3
0.877144 0.382245 0.382245 2 2 3
0.877012 0.383086 0.383086 2 2 3
0.876881 0.383929 0.383929 2 2 3
0.87675 0.384772 0.384772 2 2 3
0.876618 0.385617 0.385617 2 2 3
0.876486 0.386464 0.386464 2 2 3
0.876353 0.387312 0.387312 2 2 3
0.87622 0.388161 0.388161 2 2 3
0.876088 0.389011 0.389011 2 2 3
0.875954 0.389863 0.389863 2 2 3
0.875821 0.390716 0.390716 2 2 3
0.875687 0.39157 0.39157 2 2 3
0.875553 0.392425 0.392425 2 2 3
0.875419 0.393282 0.393282 2 2 3
0.875284 0.394141 0.394141 2 2 3
0.875149 0.395 0.395 2 2 3
0.875014 0.395862 0.395862 2 2 3
0.874879 0.396724 0.396724 2 2 3
0.874743 0.397588 0.397588 2 2 3
0.874607 0.398453 0.398453 2 2 3
0.874471 0.399319 0.399319 2 2 3
0.874334 0.400187 0.400187 2 2 3
0.874198 0.401056 0.401056 2 2 3
0.87406 0.401927 0.401927 2 2 3
0.873923 0.402799 0.402799 2 2 3
0.873785 0.403672 0.403672 2 2 3
0.873647 0.404547 0.404547 2 2 3
0.873509 0.405423 0.405423 2 2 3
0.873371 0.406301 0.406301 2 2 3
0.873232 0.40718 0.40718 2 2 3
0.873093 0.40806 0.40806 2 2 3
0.872953 0.408942 0.408942 2 2 3
0.872814 0.409825 0.409825 2 2 3
0.872674 0.41071 0.41071 2 2 3
0.872533 0.411596 0.411596 2 2 3
0.872393 0.412483 0.412483 2 2 3
0.872252 0.413372 0.413372 2 2 3
0.872111 0.414262 0.414262 2 2 3
0.871969 0.415154 0.415154 2 2 3
0.871827 0.416047 0.416047 2 2 3
0.871685 0.416942 0.416942 2 2 3
0.871543 0.417838 0.417838 2 2 3
0.8714 0.418736 0.418736 2 2 3
0.871257 0.419635 0.419635 2 2 3
0.871114 0.420535 0.420535 2 2 3
0.87097 0.421437 0.421437 2 2 3
0.870827 0.422341 0.422341 2 2 3
0.870682 0.423246 0.423246 2 2 3
0.870538 0.424152 0.424152 2 2 3
0.870393 0.42506 0.42506 2 2 3
0.870248 0.425969 0.425969 2 2 3
0.870102 0.42688 0.42688 2 2 3
0.869957 0.427793 0.427793 2 2 3
0.86981 0.428706 0.428706 2 2 3
0.869664 0.429622 0.429622 2 2 3
0.869517 0.430539 0.430539 2 2 3
0.86937 0.431457 0.431457 2 2 3
0.869223 0.432377 0.432377 2 2 3
0.869075 0.433299 0.433299 2 2 3
0.868927 0.434222 0.434222 2 2 3
0.868779 0.435146 0.435146 2 2 3
0.86863 0.436073 0.436073 2 2 3
0.868481 0.437 0.437 2 2 3
0.868332 0.437929 0.437929 2 2 3
0.868182 0.43886 0.43886 2 2 3
0.868032 0.439793 0.439793 2 2 3
0.867882 0.440727 0.440727 2 2 3
0.867731 0.441662 0.441662 2 2 3
0.86758 0.442599 0.442599 2 2 3
0.867429 0.443538 0.443538 2 2 3
0.867277 0.444478 0.444478 2 2 3
0.867125 0.44542 0.44542 2 2 3
0.866973 0.446364 0.446364 2 2 3
0.86682 0.447309 0.447309 2 2 3
0.866667 0.448255 0.448255 2 2 3
0.866514 0.449204 0.449204 2 2 3
0.86636 0.450154 0.450154 2 2 3
0.866206 0.451105 0.451105 2 2 3
0.866052 0.452058 0.452058 2 2 3
0.865897 0.453013 0.453013 2 2 3
0.865742 0.45397 0.45397 2 2 3
0.865586 0.454928 0.454928 2 2 3
0.865431 0.455888 0.455888 2 2 3
0.865274 0.456849 0.456849 2 2 3
0.865118 0.457812 0.457812 2 2 3
0.864961 0.458777 0.458777 2 2 3
0.864804 0.459743 0.459743 2 2 3
0.864646 0.460712 0.460712 2 2 3
0.864488 0.461681 0.461681 2 2 3
0.86433 0.462653 0.462653 2 2 3
0.864171 0.463626 0.463626 2 2 3
0.864012 0.464601 0.464601 2 2 3
0.863853 0.465578 0.465578 2 2 3
0.863693 0.466556 0.466556 2 2 3
0.863533 0.467536 0.467536 2 2 3
0.863372 0.468518 0.468518 2 2 3
0.863211 0.469502 0.469502 2 2 3
0.86305 0.470487 0.470487 2 2 3
0.862888 0.471474 0.471474 2 2 3
0.862726 0.472463 0.472463 2 2 3
0.862564 0.473454 0.473454 2 2 3
0.862401 0.474446 0.474446 2 2 3
0.862238 0.47544 0.47544 2 2 3
0.862074 0.476436 0.476436 2 2 3
0.86191 0.477434 0.477434 2 2 3
0.861746 0.478434 0.478434 2 2 3
0.861581 0.479435 0.479435 2 2 3
0.861416 0.480438 0.480438 2 2 3
0.86125 0.481443 0.481443 2 2 3
0.861084 0.48245 0.48245 2 2 3
0.860918 0.483458 0.483458 2 2 3
0.860751 0.484469 0.484469 2 2 3
0.860584 0.485481 0.485481 2 2 3
0.860416 0.486495 0.486495 2 2 3
0.860248 0.487511 0.487511 2 2 3
0.86008 0.488529 0.488529 2 2 3
0.859911 0.489549 0.489549 2 2 3
0.859742 0.49057 0.49057 2 2 3
0.859572 0.491594 0.491594 2 2 3
0.859402 0.492619 0.492619 2 2 3
0.859232 0.493647 0.493647 2 2 3
0.859061 0.494676 0.494676 2 2 3
0.85889 0.495707 0.495707 2 2 3
0.858718 0.49674 0.49674 2 2 3
0.858546 0.497775 0.497775 2 2 3
0.858373 0.498812 0.498812 2 2 3
0.8582 0.499851 0.499851 2 2 3
0.858027 0.500891 0.500891 2 2 3
0.857853 0.501934 0.501934 2 2 3
0.857679 0.502979 0.502979 2 2 3
0.857504 0.504025 0.504025 2 2 3
0.857329 0.505074 0.505074 2 2 3
0.857153 0.506125 0.506125 2 2 3
0.856977 0.507177 0.507177 2 2 3
0.856801 0.508232 0.508232 2 2 3
0.856624 0.509289 0.509289 2 2 3
0.856446 0.510347 0.510347 2 2 3
0.856268 0.511408 0.511408 2 2 3
0.85609 0.512471 0.512471 2 2 3
0.855911 0.513536 0.513536 2 2 3
0.855732 0.514603 0.514603 2 2 3
0.855552 0.515672 0.515672 2 2 3
0.855372 0.516743 0.516743 2 2 3
0.855191 0.517816 0.517816 2 2 3
0.85501 0.518891 0.518891 2 2 3
0.854829 0.519968 0.519968 2 2 3
0.854647 0.521047 0.521047 2 2 3
0.854464 0.522129 0.522129 2 2 3
0.854281 0.523213 0.523213 2 2 3
0.854098 0.524298 0.524298 2 2 3
0.853914 0.525386 0.525386 2 2 3
0.853729 0.526476 0.526476 2 2 3
0.853544 0.527569 0.527569 2 2 3
0.853359 0.528663 0.528663 2 2 3
0.853173 0.52976 0.52976 2 2 3
0.852986 0.530858 0.530858 2 2 3
0.852799 0.531959 0.531959 2 2 3
0.852612 0.533062 0.533062 2 2 3
0.852424 0.534168 0.534168 2 2 3
0.852236 0.535275 0.535275 2 2 3
0.852047 0.536385 0.536385 2 2 3
0.851857 0.537497 0.537497 2 2 3
0.851667 0.538612 0.538612 2 2 3
0.851477 0.539728 0.539728 2 2 3
0.851286 0.540847 0.540847 2 2 3
0.851094 0.541969 0.541969 2 2 3
0.850902 0.543092 0.543092 2 2 3
0.850709 0.544218 0.544218 2 2 3
0.850516 0.545346 0.545346 2 2 3
0.850322 0.546476 0.546476 2 2 3
0.850128 0.547609 0.547609 2 2 3
0.849933 0.548744 0.548744 2 2 3
0.849738 0.549882 0.549882 2 2 3
0.849542 0.551022 0.551022 2 2 3
0.849346 0.552164 0.552164 2 2 3
0.849149 0.553309 0.553309 2 2 3
0.848951 0.554456 0.554456 2 2 3
0.848753 0.555606 0.555606 2 2 3
0.848554 0.556758 0.556758 2 2 3
0.848355 0.557912 0.557912 2 2 3
0.848155 0.559069 0.559069 2 2 3
0.847955 0.560228 0.560228 2 2 3
0.847754 0.56139 0.56139 2 2 3
0.847552 0.562554 0.562554 2 2 3
0.84735 0.563721 0.563721 2 2 3
0.847148 0.56489 0.56489 2 2 3
0.846944 0.566062 0.566062 2 2 3
0.84674 0.567237 0.567237 2 2 3
0.846536 0.568414 0.568414 2 2 3
0.846331 0.569593 0.569593 2 2 3
0.846125 0.570775 0.570775 2 2 3
0.845919 0.57196 0.57196 2 2 3
0.845712 0.573147 0.573147 2 2 3
0.845504 0.574337 0.574337 2 2 3
0.845296 0.57553 0.57553 2 2 3
0.845087 0.576725 0.576725 2 2 3
0.844878 0.577923 0.577923 2 2 3
0.844668 0.579123 0.579123 2 2 3
0.844457 0.580327 0.580327 2 2 3
0.844245 0.581533 0.581533 2 2 3
0.844033 0.582741 0.582741 2 2 3
0.843821 0.583953 0.583953 2 2 3
0.843607 0.585167 0.585167 2 2 3
0.843393 0.586384 0.586384 2 2 3
0.843179 0.587603 0.587603 2 2 3
0.842963 0.588826 0.588826 2 2 3
0.842747 0.590051 0.590051 2 2 3
0.842531 0.591279 0.591279 2 2 3
0.842313 0.59251 0.59251 2 2 3
0.842095 0.593744 0.593744 2 2 3
0.841877 0.594981 0.594981 2 2 3
0.841657 0.59622 0.59622 2 2 3
0.841437 0.597463 0.597463 2 2 3
0.841216 0.598708 0.598708 2 2 3
0.840995 0.599956 0.599956 2 2 3
0.840772 0.601208 0.601208 2 2 3
0.840549 0.602462 0.602462 2 2 3
0.840326 0.603719 0.603719 2 2 3
0.840101 0.604979 0.604979 2 2 3
0.839876 0.606242 0.606242 2 2 3
0.83965 0.607509 0.607509 2 2 3
0.839424 0.608778 0.608778 2 2 3
0.839196 0.61005 0.61005 2 2 3
0.838968 0.611326 0.611326 2 2 3
0.838739 0.612605 0.612605 2 2 3
0.838509 0.613886 0.613886 2 2 3
0.838279 0.615171 0.615171 2 2 3
0.838048 0.616459 0.616459 2 2 3
0.837816 0.617751 0.617751 2 2 3
0.837583 0.619045 0.619045 2 2 3
0.837349 0.620343 0.620343 2 2 3
0.837115 0.621644 0.621644 2 2 3
0.836879 0.622948 0.622948 2 2 3
0.836643 0.624255 0.624255 2 2 3
0.836406 0.625566 0.625566 2 2 3
0.836169 0.62688 0.62688 2 2 3
0.83593 0.628198 0.628198 2 2 3
0.835691 0.629518 0.629518 2 2 3
0.835451 0.630843 0.630843 2 2 3
0.83521 0.63217 0.63217 2 2 3
0.834968 0.633501 0.633501 2 2 3
0.834725 0.634836 0.634836 2 2 3
0.834481 0.636174 0.636174 2 2 3
0.834237 0.637515 0.637515 2 2 3
0.833991 0.63886 0.63886 2 2 3
0.833745 0.640209 0.640209 2 2 3
0.833498 0.641561 0.641561 2 2 3
0.833249 0.642917 0.642917 2 2 3
0.833 0.644276 0.644276 2 2 3
0.83275 0.64564 0.64564 2 2 3
0.832499 0.647006 0.647006 2 2 3
0.832247 0.648377 0.648377 2 2 3
0.831995 0.649751 0.649751 2 2 3
0.831741 0.651129 0.651129 2 2 3
0.831486 0.65251 0.65251 2 2 3
0.83123 0.653896 0.653896 2 2 3
0.830974 0.655285 0.655285 2 2 3
0.830716 0.656679 0.656679 2 2 3
0.830457 0.658076 0.658076 2 2 3
0.830198 0.659477 0.659477 2 2 3
0.829937 0.660882 0.660882 2 2 3
0.829675 0.662291 0.662291 2 2 3
0.829413 0.663703 0.663703 2 2 3
0.829149 0.66512 0.66512 2 2 3
0.828884 0.666541 0.666541 2 2 3
0.828618 0.667967 0.667967 2 2 3
0.828351 0.669396 0.669396 2 2 3
0.828083 0.670829 0.670829 2 2 3
0.827814 0.672267 0.672267 2 2 3
0.827544 0.673709 0.673709 2 2 3
0.827272 0.675155 0.675155 2 2 3
0.827 0.676605 0.676605 2 2 3
0.826726 0.67806 0.67806 2 2 3
0.826451 0.679519 0.679519 2 2 3
0.826175 0.680983 0.680983 2 2 3
0.825898 0.68245 0.68245 2 2 3
0.82562 0.683923 0.683923 2 2 3
0.825341 0.6854 0.6854 2 2 3
0.82506 0.686881 0.686881 2 2 3
0.824778 0.688367 0.688367 2 2 3
0.824495 0.689858 0.689858 2 2 3
0.824211 0.691353 0.691353 2 2 3
0.823925 0.692853 0.692853 2 2 3
0.823638 0.694358 0.694358 2 2 3
0.82335 0.695867 0.695867 2 2 3
0.823061 0.697381 0.697381 2 2 3
0.82277 0.698901 0.698901 2 2 3
0.822478 0.700425 0.700425 2 2 3
0.822185 0.701954 0.701954 2 2 3
0.82189 0.703488 0.703488 2 2 3
0.821594 0.705027 0.705027 2 2 3
0.821297 0.706571 0.706571 2 2 3
0.820998 0.70812 0.70812 2 2 3
0.820698 0.709674 0.709674 2 2 3
0.820396 0.711234 0.711234 2 2 3
0.820093 0.712799 0.712799 2 2 3
0.819788 0.714369 0.714369 2 2 3
0.819482 0.715945 0.715945 2 2 3
0.819175 0.717526 0.717526 2 2 3
0.818866 0.719112 0.719112 2 2 3
0.818556 0.720704 0.720704 2 2 3
0.818244 0.722302 0.722302 2 2 3
0.81793 0.723905 0.723905 2 2 3
0.817615 0.725514 0.725514 2 2 3
0.817298 0.727129 0.727129 2 2 3
0.81698 0.728749 0.728749 2 2 3
0.81666 0.730376 0.730376 2 2 3
0.816339 0.732008 0.732008 2 2 3
0.816015 0.733646 0.733646 2 2 3
0.815691 0.735291 0.735291 2 2 3
0.815364 0.736941 0.736941 2 2 3
0.815036 0.738598 0.738598 2 2 3
0.814706 0.740261 0.740261 2 2 3
0.814374 0.74193 0.74193 2 2 3
0.81404 0.743606 0.743606 2 2 3
0.813705 0.745288 0.745288 2 2 3
0.813367 0.746976 0.746976 2 2 3
0.813028 0.748671 0.748671 2 2 3
0.812687 0.750373 0.750373 2 2 3
0.812344 0.752082 0.752082 2 2 3
0.811999 0.753797 0.753797 2 2 3
0.811653 0.75552 0.75552 2 2 3
0.811304 0.757249 0.757249 2 2 3
0.810953 0.758985 0.758985 2 2 3
0.8106 0.760729 0.760729 2 2 3
0.810245 0.76248 0.76248 2 2 3
0.809888 0.764238 0.764238 2 2 3
0.809529 0.766004 0.766004 2 2 3
0.809167 0.767777 0.767777 2 2 3
0.808804 0.769557 0.769557 2 2 3
0.808438 0.771346 0.771346 2 2 3
0.80807 0.773142 0.773142 2 2 3
0.8077 0.774946 0.774946 2 2 3
0.807327 0.776758 0.776758 2 2 3
0.806952 0.778578 0.778578 2 2 3
0.806575 0.780407 0.780407 2 2 3
0.806195 0.782244 0.782244 2 2 3
0.805812 0.784089 0.784089 2 2 3
0.805428 0.785943 0.785943 2 2 3
0.80504 0.787805 0.787805 2 2 3
0.80465 0.789676 0.789676 2 2 3
0.804258 0.791557 0.791557 2 2 3
0.803862 0.793446 0.793446 2 2 3
0.803464 0.795344 0.795344 2 2 3
0.803063 0.797252 0.797252 2 2 3
0.80266 0.799169 0.799169 2 2 3
0.802253 0.801096 0.801096 2 2 3
0.801844 0.803032 0.803032 2 2 3
0.801432 0.804979 0.804979 2 2 3
0.801016 0.806935 0.806935 2 2 3
0.800598 0.808902 0.808902 2 2 3
0.800176 0.810879 0.810879 2 2 3
0.799751 0.812867 0.812867 2 2 3
0.799323 0.814865 0.814865 2 2 3
0.798892 0.816874 0.816874 2 2 3
0.798457 0.818894 0.818894 2 2 3
0.798019 0.820926 0.820926 2 2 3
0.797578 0.822969 0.822969 2 2 3
0.797133 0.825023 0.825023 2 2 3
0.796684 0.827089 0.827089 2 2 3
0.796231 0.829168 0.829168 2 2 3
0.795775 0.831259 0.831259 2 2 3
0.795315 0.833362 0.833362 2 2 3
0.794851 0.835478 0.835478 2 2 3
0.794383 0.837607 0.837607 2 2 3
0.793911 0.839749 0.839749 2 2 3
0.793434 0.841904 0.841904 2 2 3
0.792953 0.844073 0.844073 2 2 3
0.792468 0.846257 0.846257 2 2 3
0.791979 0.848454 0.848454 2 2 3
0.791485 0.850666 0.850666 2 2 3
0.790986 0.852893 0.852893 2 2 3
0.790482 0.855136 0.855136 2 2 3
0.789973 0.857393 0.857393 2 2 3
0.78946 0.859667 0.859667 2 2 3
0.788941 0.861957 0.861957 2 2 3
0.788417 0.864263 0.864263 2 2 3
0.787887 0.866586 0.866586 2 2 3
0.787352 0.868927 0.868927 2 2 3
0.786812 0.871285 0.871285 2 2 3
0.786265 0.873662 0.873662 2 2 3
0.785712 0.876057 0.876057 2 2 3
0.785153 0.878471 0.878471 2 2 3
0.784588 0.880905 0.880905 2 2 3
0.784016 0.883359 0.883359 2 2 3
0.783438 0.885833 0.885833 2 2 3
0.782852 0.888329 0.888329 2 2 3
0.782259 0.890846 0.890846 2 2 3
0.781659 0.893386 0.893386 2 2 3
0.781052 0.895949 0.895949 2 2 3
0.780436 0.898535 0.898535 2 2 3
0.779813 0.901146 0.901146 2 2 3
0.779181 0.903781 0.903781 2 2 3
0.77854 0.906443 0.906443 2 2 3
0.777891 0.909131 0.909131 2 2 3
0.777232 0.911847 0.911847 2 2 3
0.776564 0.914591 0.914591 2 2 3
0.775885 0.917364 0.917364 2 2 3
0.775197 0.920168 0.920168 2 2 3
0.774497 0.923003 0.923003 2 2 3
0.773787 0.925871 0.925871 2 2 3
0.773065 0.928773 0.928773 2 2 3
0.77233 0.93171 0.93171 2 2 3
0.771583 0.934684 0.934684 2 2 3
0.770823 0.937695 0.937695 2 2 3
0.77005 0.940746 0.940746 2 2 3
0.769261 0.943838 0.943838 2 2 3
0.768458 0.946974 0.946974 2 2 3
0.767639 0.950155 0.950155 2 2 3
0.766803 0.953382 0.953382 2 2 3
0.76595 0.95666 0.95666 2 2 3
0.765078 0.959989 0.959989 2 2 3
0.764187 0.963373 0.963373 2 2 3
0.763275 0.966815 0.966815 2 2 3
0.762341 0.970318 0.970318 2 2 3
0.761384 0.973885 0.973885 2 2 3
0.760402 0.977521 0.977521 2 2 3
0.759394 0.981229 0.981229 2 2 3
0.758357 0.985015 0.985015 2 2 3
0.75729 0.988884 0.988884 2 2 3
0.756191 0.992843 0.992843 2 2 3
0.755055 0.996897 0.996897 2 2 3
0.753881 1.00106 1.00106 2 2 3
0.752665 1.00533 1.00533 2 2 3
0.751403 1.00972 1.00972 2 2 3
0.75009 1.01425 1.01425 2 2 3
0.748721 1.01893 1.01893 2 2 3
0.747288 1.02377 1.02377 2 2 3
0.745785 1.0288 1.0288 2 2 3
0.744201 1.03404 1.03404 2 2 3
0.742523 1.03952 1.03952 2 2 3
0.740737 1.04528 1.04528 2 2 3
0.738822 1.05137 1.05137 2 2 3
0.736752 1.05785 1.05785 2 2 3
0.734282 1.06534 1.06534 2 2 3
0.731705 1.07309 1.07309 2 2 3
0.728753 1.08177 1.08177 2 2 3
0.72523 1.09185 1.09185 2 2 3
0.720683 1.10443 1.10443 2 2 3
0.712876 1.12484 1.12484 2 2 3
0.710968 1.12961 1.12961 2 2 3
0.70816 1.13647 1.13647 2 2 3
0.703382 1.14772 1.14772 2 2 3
0.702805 1.14903 1.14903 2 2 3
0.702091 1.15067 1.15067 2 2 3
0.701147 1.15279 1.15279 2 2 3
0.699857 1.15566 1.15566 2 2 3
0.698266 1.15915 1.15915 2 2 3
0.696296 1.1634 1.1634 2 2 3
0.693849 1.16854 1.16854 2 2 3
0.690796 1.17477 1.17477 2 2 3
0.686969 1.18226 1.18226 2 2 3
0.68214 1.19122 1.19122 2 2 3
0.677828 1.19875 1.19875 2 2 3
0.673929 1.20517 1.20517 2 2 3
0.670319 1.2108 1.2108 2 2 3
0.666926 1.2158 1.2158 2 2 3
0.663705 1.22028 1.22028 2 2 3
0.660483 1.22477 1.22477 2 2 3
0.657542 1.22837 1.22837 2 2 3
0.654698 1.23164 1.23164 2 2 3
0.651941 1.2346 1.2346 2 2 3
0.649265 1.23727 1.23727 2 2 3
0.646666 1.23967 1.23967 2 2 3
0.644139 1.24181 1.24181 2 2 3
0.641683 1.2437 1.2437 2 2 3
0.639298 1.24534 1.24534 2 2 3
0.636984 1.24675 1.24675 2 2 3
0.634742 1.24792 1.24792 2 2 3
0.632573 1.24887 1.24887 2 2 3
0.63048 1.2496 1.2496 2 2 3
0.628464 1.25012 1.25012 2 2 3
0.626527 1.25043 1.25043 2 2 3
0.624671 1.25055 1.25055 2 2 3
0.622897 1.25048 1.25048 2 2 3
0.621207 1.25023 1.25023 2 2 3
0.6196 1.24981 1.24981 2 2 3
0.618078 1.24923 1.24923 2 2 3
0.616638 1.2485 1.2485 2 2 3
0.615281 1.24764 1.24764 2 2 3
0.614005 1.24665 1.24665 2 2 3
0.612807 1.24554 1.24554 2 2 3
0.611685 1.24433 1.24433 2 2 3
0.610637 1.24302 1.24302 2 2 3
0.60966 1.24162 1.24162 2 2 3
0.60875 1.24015 1.24015 2 2 3
0.607904 1.23861 1.23861 2 2 3
0.60712 1.23702 1.23702 2 2 3
0.606394 1.23536 1.23536 2 2 3
0.605723 1.23366 1.23366 2 2 3
0.605103 1.23192 1.23192 2 2 3
0.604533 1.23014 1.23014 2 2 3
0.604008 1.22834 1.22834 2 2 3
0.603527 1.2265 1.2265 2 2 3
0.603087 1.22465 1.22465 2 2 3
0.602685 1.22277 1.22277 2 2 3
0.602319 1.22088 1.22088 2 2 3
0.601987 1.21897 1.21897 2 2 3
0.601686 1.21706 1.21706 2 2 3
0.601416 1.21514 1.21514 2 2 3
0.601174 1.2132 1.2132 2 2 3
0.600958 1.21127 1.21127 2 2 3
0.600767 1.20933 1.20933 2 2 3
0.600599 1.20739 1.20739 2 2 3
0.600453 1.20545 1.20545 2 2 3
0.600328 1.20351 1.20351 2 2 3
0.600223 1.20157 1.20157 2 2 3
0.600136 1.19964 1.19964 2 2 3
0.600066 1.1977 1.1977 2 2 3
0.600012 1.19577 1.19577 2 2 3
0.599974 1.19385 1.19385 2 2 3
0.599951 1.19193 1.19193 2 2 3
0.599941 1.19001 1.19001 2 2 3
0.599945 1.1881 1.1881 2 2 3
0.599961 1.1862 1.1862 2 2 3
0.599988 1.1843 1.1843 2 2 3
0.600027 1.18241 1.18241 2 2 3
0.600076 1.18053 1.18053 2 2 3
0.600134 1.17865 1.17865 2 2 3
0.600203 1.17678 1.17678 2 2 3
0.60028 1.17491 1.17491 2 2 3
0.600365 1.17306 1.17306 2 2 3
0.600459 1.17121 1.17121 2 2 3
0.60056 1.16937 1.16937 2 2 3
0.600669 1.16754 1.16754 2 2 3
0.600784 1.16571 1.16571 2 2 3
0.600906 1.16389 1.16389 2 2 3
0.601034 1.16208 1.16208 2 2 3
0.601168 1.16028 1.16028 2 2 3
0.601308 1.15848 1.15848 2 2 3
0.601453 1.15669 1.15669 2 2 3
0.601603 1.15491 1.15491 2 2 3
0.601758 1.15314 1.15314 2 2 3
0.601918 1.15137 1.15137 2 2 3
0.602082 1.14962 1.14962 2 2 3
0.60225 1.14787 1.14787 2 2 3
0.602422 1.14612 1.14612 2 2 3
0.602598 1.14439 1.14439 2 2 3
0.602778 1.14266 1.14266 2 2 3
0.602961 1.14094 1.14094 2 2 3
0.603147 1.13923 1.13923 2 2 3
0.603337 1.13752 1.13752 2 2 3
0.60353 1.13582 1.13582 2 2 3
0.603725 1.13413 1.13413 2 2 3
0.603924 1.13244 1.13244 2 2 3
0.604124 1.13076 1.13076 2 2 3
0.604328 1.12909 1.12909 2 2 3
0.604534 1.12743 1.12743 2 2 3
0.604742 1.12577 1.12577 2 2 3
0.604952 1.12412 1.12412 2 2 3
0.605164 1.12247 1.12247 2 2 3
0.605378 1.12084 1.12084 2 2 3
0.605594 1.1192 1.1192 2 2 3
0.605812 1.11758 1.11758 2 2 3
0.606032 1.11596 1.11596 2 2 3
0.606253 1.11435 1.11435 2 2 3
0.606476 1.11274 1.11274 2 2 3
0.6067 1.11114 1.11114 2 2 3
0.606926 1.10955 1.10955 2 2 3
0.607153 1.10796 1.10796 2 2 3
0.607381 1.10638 1.10638 2 2 3
0.60761 1.1048 1.1048 2 2 3
0.607841 1.10323 1.10323 2 2 3
0.608073 1.10167 1.10167 2 2 3
0.608306 1.10011 1.10011 2 2 3
0.608539 1.09856 1.09856 2 2 3
0.608774 1.09701 1.09701 2 2 3
0.60901 1.09547 1.09547 2 2 3
0.609246 1.09394 1.09394 2 2 3
0.609483 1.09241 1.09241 2 2 3
0.609721 1.09088 1.09088 2 2 3
0.60996 1.08936 1.08936 2 2 3
0.610199 1.08785 1.08785 2 2 3
0.610439 1.08634 1.08634 2 2 3
0.61068 1.08484 1.08484 2 2 3
0.610921 1.08334 1.08334 2 2 3
0.611162 1.08185 1.08185 2 2 3
0.611404 1.08036 1.08036 2 2 3
0.611647 1.07888 1.07888 2 2 3
0.61189 1.0774 1.0774 2 2 3
0.612133 1.07593 1.07593 2 2 3
0.612377 1.07446 1.07446 2 2 3
0.612621 1.073 1.073 2 2 3
0.612866 1.07154 1.07154 2 2 3
0.613111 1.07008 1.07008 2 2 3
0.613356 1.06864 1.06864 2 2 3
0.613601 1.06719 1.06719 2 2 3
0.613846 1.06575 1.06575 2 2 3
0.614092 1.06432 1.06432 2 2 3
0.614338 1.06289 1.06289 2 2 3
0.614584 1.06146 1.06146 2 2 3
0.61483 1.06004 1.06004 2 2 3
0.615076 1.05862 1.05862 2 2 3
0.615323 1.05721 1.05721 2 2 3
0.615569 1.0558 1.0558 2 2 3
0.615816 1.0544 1.0544 2 2 3
0.616062 1.053 1.053 2 2 3
0.616309 1.05161 1.05161 2 2 3
0.616555 1.05022 1.05022 2 2 3
0.616802 1.04883 1.04883 2 2 3
0.617049 1.04745 1.04745 2 2 3
0.617295 1.04607 1.04607 2 2 3
0.617542 1.04469 1.04469 2 2 3
0.617788 1.04332 1.04332 2 2 3
0.618035 1.04196 1.04196 2 2 3
0.618281 1.0406 1.0406 2 2 3
0.618527 1.03924 1.03924 2 2 3
0.618773 1.03788 1.03788 2 2 3
0.619019 1.03653 1.03653 2 2 3
0.619265 1.03519 1.03519 2 2 3
0.619511 1.03384 1.03384 2 2 3
0.619757 1.0325 1.0325 2 2 3
0.620002 1.03117 1.03117 2 2 3
0.620247 1.02984 1.02984 2 2 3
0.620493 1.02851 1.02851 2 2 3
0.620737 1.02718 1.02718 2 2 3
0.620982 1.02586 1.02586 2 2 3
0.621227 1.02455 1.02455 2 2 3
0.621471 1.02323 1.02323 2 2 3
0.621715 1.02192 1.02192 2 2 3
0.621959 1.02062 1.02062 2 2 3
0.622203 1.01931 1.01931 2 2 3
0.622446 1.01801 1.01801 2 2 3
0.62269 1.01672 1.01672 2 2 3
0.622933 1.01542 1.01542 2 2 3
0.623175 1.01414 1.01414 2 2 3
0.623418 1.01285 1.01285 2 2 3
0.62366 1.01157 1.01157 2 2 3
0.623902 1.01029 1.01029 2 2 3
0.624144 1.00901 1.00901 2 2 3
0.624385 1.00774 1.00774 2 2 3
0.624626 1.00647 1.00647 2 2 3
0.624867 1.0052 1.0052 2 2 3
0.625107 1.00394 1.00394 2 2 3
0.625347 1.00268 1.00268 2 2 3
0.625587 1.00142 1.00142 2 2 3
0.625827 1.00017 1.00017 2 2 3
0.626066 0.998918 0.998918 2 2 3
0.626305 0.997671 0.997671 2 2 3
0.626544 0.996426 0.996426 2 2 3
0.626782 0.995185 0.995185 2 2 3
0.62702 0.993946 0.993946 2 2 3
0.627257 0.992711 0.992711 2 2 3
0.627495 0.991478 0.991478 2 2 3
0.627732 0.990249 0.990249 2 2 3
0.627968 0.989022 0.989022 2 2 3
0.628205 0.987798 0.987798 2 2 3
0.62844 0.986578 0.986578 2 2 3
0.628676 0.98536 0.98536 2 2 3
0.628911 0.984144 0.984144 2 2 3
0.629146 0.982932 0.982932 2 2 3
0.62938 0.981723 0.981723 2 2 3
0.629615 0.980516 0.980516 2 2 3
0.629848 0.979312 0.979312 2 2 3
0.630082 0.978111 0.978111 2 2 3
0.630315 0.976913 0.976913 2 2 3
0.630547 0.975717 0.975717 2 2 3
0.63078 0.974524 0.974524 2 2 3
0.631011 0.973334 0.973334 2 2 3
0.631243 0.972146 0.972146 2 2 3
0.631474 0.970961 0.970961 2 2 3
0.631705 0.969779 0.969779 2 2 3
0.631935 0.968599 0.968599 2 2 3
0.632165 0.967422 0.967422 2 2 3
0.632395 0.966248 0.966248 2 2 3
0.632624 0.965076 0.965076 2 2 3
0.632853 0.963907 0.963907 2 2 3
0.633081 0.96274 0.96274 2 2 3
0.633309 0.961575 0.961575 2 2 3
0.633537 0.960414 0.960414 2 2 3
0.633764 0.959254 0.959254 2 2 3
0.633991 0.958098 0.958098 2 2 3
0.634218 0.956943 0.956943 2 2 3
0.634444 0.955791 0.955791 2 2 3
0.634669 0.954642 0.954642 2 2 3
0.634895 0.953495 0.953495 2 2 3
0.635119 0.95235 0.95235 2 2 3
0.635344 0.951208 0.951208 2 2 3
0.635568 0.950068 0.950068 2 2 3
0.635792 0.948931 0.948931 2 2 3
0.636015 0.947796 0.947796 2 2 3
0.636238 0.946663 0.946663 2 2 3
0.63646 0.945533 0.945533 2 2 3
0.636682 0.944404 0.944404 2 2 3
0.636904 0.943279 0.943279 2 2 3
0.637125 0.942155 0.942155 2 2 3
0.637346 0.941034 0.941034 2 2 3
0.637566 0.939915 0.939915 2 2 3
0.637786 0.938798 0.938798 2 2 3
0.638006 0.937684 0.937684 2 2 3
0.638225 0.936571 0.936571 2 2 3
0.638444 0.935461 0.935461 2 2 3
0.638662 0.934353 0.934353 2 2 3
0.63888 0.933248 0.933248 2 2 3
0.639098 0.932144 0.932144 2 2 3
0.639315 0.931043 0.931043 2 2 3
0.639532 0.929944 0.929944 2 2 3
0.639748 0.928847 0.928847 2 2 3
0.639964 0.927752 0.927752 2 2 3
0.64018 0.926659 0.926659 2 2 3
0.640395 0.925568 0.925568 2 2 3
0.640609 0.92448 0.92448 2 2 3
0.640824 0.923393 0.923393 2 2 3
0.641037 0.922309 0.922309 2 2 3
0.641251 0.921226 0.921226 2 2 3
0.641464 0.920146 0.920146 2 2 3
0.641677 0.919068 0.919068 2 2 3
0.641889 0.917991 0.917991 2 2 3
0.642101 0.916917 0.916917 2 2 3
0.642312 0.915845 0.915845 2 2 3
0.642523 0.914775 0.914775 2 2 3
0.642734 0.913707 0.913707 2 2 3
0.642944 0.91264 0.91264 2 2 3
0.643154 0.911576 0.911576 2 2 3
0.643363 0.910514 0.910514 2 2 3
0.643572 0.909453 0.909453 2 2 3
0.643781 0.908395 0.908395 2 2 3
0.643989 0.907339 0.907339 2 2 3
0.644197 0.906284 0.906284 2 2 3
0.644404 0.905231 0.905231 2 2 3
0.644611 0.904181 0.904181 2 2 3
0.644817 0.903132 0.903132 2 2 3
0.645023 0.902085 0.902085 2 2 3
0.645229 0.90104 0.90104 2 2 3
0.645434 0.899997 0.899997 2 2 3
0.645639 0.898955 0.898955 2 2 3
0.645844 0.897916 0.897916 2 2 3
0.646048 0.896878 0.896878 2 2 3
0.646252 0.895842 0.895842 2 2 3
0.646455 0.894808 0.894808 2 2 3
0.646658 0.893776 0.893776 2 2 3
0.64686 0.892746 0.892746 2 2 3
0.647062 0.891717 0.891717 2 2 3
0.647264 0.89069 0.89069 2 2 3
0.647465 0.889665 0.889665 2 2 3
0.647666 0.888642 0.888642 2 2 3
0.647866 0.887621 0.887621 2 2 3
0.648067 0.886601 0.886601 2 2 3
0.648266 0.885583 0.885583 2 2 3
0.648465 0.884567 0.884567 2 2 3
0.648664 0.883552 0.883552 2 2 3
0.648863 0.88254 0.88254 2 2 3
0.649061 0.881529 0.881529 2 2 3
0.649258 0.880519 0.880519 2 2 3
0.649456 0.879512 0.879512 2 2 3
0.649653 0.878506 0.878506 2 2 3
0.649849 0.877502 0.877502 2 2 3
0.650045 0.876499 0.876499 2 2 3
0.650241 0.875498 0.875498 2 2 3
0.650436 0.874499 0.874499 2 2 3
0.650631 0.873502 0.873502 2 2 3
0.650825 0.872506 0.872506 2 2 3
0.65102 0.871511 0.871511 2 2 3
0.651213 0.870519 0.870519 2 2 3
0.651407 0.869528 0.869528 2 2 3
0.6516 0.868539 0.868539 2 2 3
0.651792 0.867551 0.867551 2 2 3
0.651984 0.866565 0.866565 2 2 3
0.652176 0.86558 0.86558 2 2 3
0.652367 0.864597 0.864597 2 2 3
0.652558 0.863616 0.863616 2 2 3
0.652749 0.862636 0.862636 2 2 3
0.652939 0.861658 0.861658 2 2 3
0.653129 0.860681 0.860681 2 2 3
0.653318 0.859706 0.859706 2 2 3
0.653507 0.858733 0.858733 2 2 3
0.653696 0.857761 0.857761 2 2 3
0.653884 0.856791 0.856791 2 2 3
0.654072 0.855822 0.855822 2 2 3
0.65426 0.854855 0.854855 2 2 3
0.654447 0.853889 0.853889 2 2 3
0.654634 0.852925 0.852925 2 2 3
0.65482 0.851962 0.851962 2 2 3
0.655006 0.851001 0.851001 2 2 3
0.655191 0.850041 0.850041 2 2 3
0.655377 0.849083 0.849083 2 2 3
0.655562 0.848126 0.848126 2 2 3
0.655746 0.847171 0.847171 2 2 3
0.65593 0.846217 0.846217 2 2 3
0.656114 0.845264 0.845264 2 2 3
0.656297 0.844314 0.844314 2 2 3
0.65648 0.843364 0.843364 2 2 3
0.656663 0.842416 0.842416 2 2 3
0.656845 0.84147 0.84147 2 2 3
0.657027 0.840525 0.840525 2 2 3
0.657208 0.839581 0.839581 2 2 3
0.657389 0.838639 0.838639 2 2 3
0.65757 0.837698 0.837698 2 2 3
0.65775 0.836759 0.836759 2 2 3
0.65793 0.835821 0.835821 2 2 3
0.65811 0.834885 0.834885 2 2 3
0.658289 0.833949 0.833949 2 2 3
0.658468 0.833016 0.833016 2 2 3
0.658646 0.832083 0.832083 2 2 3
0.658825 0.831153 0.831153 2 2 3
0.659002 0.830223 0.830223 2 2 3
0.65918 0.829295 0.829295 2 2 3
0.659357 0.828368 0.828368 2 2 3
0.659534 0.827443 0.827443 2 2 3
0.65971 0.826519 0.826519 2 2 3
0.659886 0.825596 0.825596 2 2 3
0.660061 0.824675 0.824675 2 2 3
0.660237 0.823755 0.823755 2 2 3
0.660411 0.822836 0.822836 2 2 3
0.660586 0.821919 0.821919 2 2 3
0.66076 0.821003 0.821003 2 2 3
0.660934 0.820088 0.820088 2 2 3
0.661107 0.819175 0.819175 2 2 3
0.66128 0.818263 0.818263 2 2 3
0.661453 0.817352 0.817352 2 2 3
0.661625 0.816443 0.816443 2 2 3
0.661797 0.815535 0.815535 2 2 3
0.661969 0.814628 0.814628 2 2 3
0.66214 0.813723 0.813723 2 2 3
0.662311 0.812818 0.812818 2 2 3
0.662482 0.811916 0.811916 2 2 3
0.662652 0.811014 0.811014 2 2 3
0.662822 0.810114 0.810114 2 2 3
0.662991 0.809215 0.809215 2 2 3
0.663161 0.808317 0.808317 2 2 3
0.663329 0.80742 0.80742 2 2 3
0.663498 0.806525 0.806525 2 2 3
0.663666 0.805631 0.805631 2 2 3
0.663834 0.804738 0.804738 2 2 3
0.664001 0.803847 0.803847 2 2 3
0.664168 0.802957 0.802957 2 2 3
0.664335 0.802068 0.802068 2 2 3
0.664501 0.80118 0.80118 2 2 3
0.664667 0.800293 0.800293 2 2 3
0.664833 0.799408 0.799408 2 2 3
0.664998 0.798524 0.798524 2 2 3
0.665164 0.797641 0.797641 2 2 3
0.665328 0.796759 0.796759 2 2 3
0.665493 0.795879 0.795879 2 2 3
0.665656 0.794999 0.794999 2 2 3
0.66582 0.794121 0.794121 2 2 3
0.665983 0.793245 0.793245 2 2 3
0.666146 0.792369 0.792369 2 2 3
0.666309 0.791494 0.791494 2 2 3
0.666471 0.790621 0.790621 2 2 3
0.666633 0.789749 0.789749 2 2 3
0.666795 0.788878 0.788878 2 2 3
0.666956 0.788008 0.788008 2 2 3
0.667117 0.78714 0.78714 2 2 3
0.667278 0.786272 0.786272 2 2 3
0.667438 0.785406 0.785406 2 2 3
0.667598 0.784541 0.784541 2 2 3
0.667758 0.783677 0.783677 2 2 3
0.667917 0.782814 0.782814 2 2 3
0.668076 0.781952 0.781952 2 2 3
0.668234 0.781092 0.781092 2 2 3
0.668393 0.780233 0.780233 2 2 3
0.668551 0.779374 0.779374 2 2 3
0.668708 0.778517 0.778517 2 2 3
0.668866 0.777661 0.777661 2 2 3
0.669023 0.776806 0.776806 2 2 3
0.669179 0.775953 0.775953 2 2 3
0.669336 0.7751 0.7751 2 2 3
0.669492 0.774248 0.774248 2 2 3
0.669647 0.773398 0.773398 2 2 3
0.669803 0.772549 0.772549 2 2 3
0.669958 0.771701 0.771701 2 2 3
0.670112 0.770853 0.770853 2 2 3
0.670267 0.770007 0.770007 2 2 3
0.670421 0.769163 0.769163 2 2 3
0.670574 0.768319 0.768319 2 2 3
0.670728 0.767476 0.767476 2 2 3
0.670881 0.766634 0.766634 2 2 3
0.671034 0.765794 0.765794 2 2 3
0.671186 0.764954 0.764954 2 2 3
0.671338 0.764116 0.764116 2 2 3
0.67149 0.763279 0.763279 2 2 3
0.671642 0.762442 0.762442 2 2 3
0.671793 0.761607 0.761607 2 2 3
0.671944 0.760773 0.760773 2 2 3
0.672094 0.75994 0.75994 2 2 3
0.672244 0.759108 0.759108 2 2 3
0.672394 0.758277 0.758277 2 2 3
0.672544 0.757447 0.757447 2 2 3
0.672693 0.756618 0.756618 2 2 3
0.672842 0.75579 0.75579 2 2 3
0.672991 0.754963 0.754963 2 2 3
0.673139 0.754138 0.754138 2 2 3
0.673287 0.753313 0.753313 2 2 3
0.673435 0.752489 0.752489 2 2 3
0.673582 0.751666 0.751666 2 2 3
0.673729 0.750845 0.750845 2 2 3
0.673876 0.750024 0.750024 2 2 3
0.674023 0.749204 0.749204 2 2 3
0.674169 0.748386 0.748386 2 2 3
0.674315 0.747568 0.747568 2 2 3
0.67446 0.746751 0.746751 2 2 3
0.674606 0.745936 0.745936 2 2 3
0.674751 0.745121 0.745121 2 2 3
0.674895 0.744308 0.744308 2 2 3
0.67504 0.743495 0.743495 2 2 3
0.675184 0.742683 0.742683 2 2 3
0.675327 0.741873 0.741873 2 2 3
0.675471 0.741063 0.741063 2 2 3
0.675614 0.740254 0.740254 2 2 3
0.675757 0.739447 0.739447 2 2 3
0.675899 0.73864 0.73864 2 2 3
0.676042 0.737834 0.737834 2 2 3
0.676183 0.737029 0.737029 2 2 3
0.676325 0.736226 0.736226 2 2 3
0.676466 0.735423 0.735423 2 2 3
0.676607 0.734621 0.734621 2 2 3
0.676748 0.73382 0.73382 2 2 3
0.676889 0.73302 0.73302 2 2 3
0.677029 0.732221 0.732221 2 2 3
0.677169 0.731423 0.731423 2 2 3
0.677308 0.730626 0.730626 2 2 3
0.677447 0.72983 0.72983 2 2 3
0.677586 0.729034 0.729034 2 2 3
0.677725 0.72824 0.72824 2 2 3
0.677863 0.727447 0.727447 2 2 3
0.678002 0.726654 0.726654 2 2 3
0.678139 0.725863 0.725863 2 2 3
0.678277 0.725072 0.725072 2 2 3
0.678414 0.724283 0.724283 2 2 3
0.678551 0.723494 0.723494 2 2 3
0.678688 0.722706 0.722706 2 2 3
0.678824 0.72192 0.72192 2 2 3
0.67896 0.721134 0.721134 2 2 3
0.679096 0.720349 0.720349 2 2 3
0.679231 0.719564 0.719564 2 2 3
0.679366 0.718781 0.718781 2 2 3
0.679501 0.717999 0.717999 2 2 3
0.679636 0.717218 0.717218 2 2 3
0.67977 0.716437 0.716437 2 2 3
0.679904 0.715658 0.715658 2 2 3
0.680038 0.714879 0.714879 2 2 3
0.680171 0.714101 0.714101 2 2 3
0.680305 0.713324 0.713324 2 2 3
0.680437 0.712548 0.712548 2 2 3
0.68057 0.711773 0.711773 2 2 3
0.680702 0.710999 0.710999 2 2 3
0.680834 0.710226 0.710226 2 2 3
0.680966 0.709453 0.709453 2 2 3
0.681098 0.708682 0.708682 2 2 3
0.681229 0.707911 0.707911 2 2 3
0.68136 0.707141 0.707141 2 2 3
0.68149 0.706372 0.706372 2 2 3
0.681621 0.705604 0.705604 2 2 3
0.681751 0.704837 0.704837 2 2 3
0.681881 0.70407 0.70407 2 2 3
0.68201 0.703305 0.703305 2 2 3
0.682139 0.70254 0.70254 2 2 3
0.682268 0.701776 0.701776 2 2 3
0.682397 0.701013 0.701013 2 2 3
0.682525 0.700251 0.700251 2 2 3
0.682654 0.69949 0.69949 2 2 3
0.682781 0.69873 0.69873 2 2 3
0.682909 0.69797 0.69797 2 2 3
0.683036 0.697211 0.697211 2 2 3
0.683163 0.696453 0.696453 2 2 3
0.68329 0.695696 0.695696 2 2 3
0.683417 0.69494 0.69494 2 2 3
0.683543 0.694185 0.694185 2 2 3
0.683669 0.69343 0.69343 2 2 3
0.683794 0.692677 0.692677 2 2 3
0.68392 0.691924 0.691924 2 2 3
0.684045 0.691172 0.691172 2 2 3
0.68417 0.69042 0.69042 2 2 3
0.684294 0.68967 0.68967 2 2 3
0.684419 0.68892 0.68892 2 2 3
0.684543 0.688172 0.688172 2 2 3
0.684667 0.687424 0.687424 2 2 3
0.68479 0.686677 0.686677 2 2 3
0.684913 0.68593 0.68593 2 2 3
0.685036 0.685185 0.685185 2 2 3
0.685159 0.68444 0.68444 2 2 3
0.685282 0.683696 0.683696 2 2 3
0.685404 0.682953 0.682953 2 2 3
0.685526 0.682211 0.682211 2 2 3
0.685647 0.681469 0.681469 2 2 3
0.685769 0.680728 0.680728 2 2 3
0.68589 0.679988 0.679988 2 2 3
0.686011 0.679249 0.679249 2 2 3
0.686131 0.678511 0.678511 2 2 3
0.686252 0.677773 0.677773 2 2 3
0.686372 0.677036 0.677036 2 2 3
0.686491 0.6763 0.6763 2 2 3
0.686611 0.675565 0.675565 2 2 3
0.68673 0.674831 0.674831 2 2 3
0.686849 0.674097 0.674097 2 2 3
0.686968 0.673364 0.673364 2 2 3
0.687086 0.672632 0.672632 2 2 3
0.687205 0.6719 0.6719 2 2 3
0.687323 0.67117 0.67117 2 2 3
0.68744 0.67044 0.67044 2 2 3
0.687558 0.669711 0.669711 2 2 3
0.687675 0.668983 0.668983 2 2 3
0.687792 0.668255 0.668255 2 2 3
0.687909 0.667528 0.667528 2 2 3
0.688025 0.666802 0.666802 2 2 3
0.688141 0.666077 0.666077 2 2 3
0.688257 0.665352 0.665352 2 2 3
0.688373 0.664628 0.664628 2 2 3
0.688488 0.663905 0.663905 2 2 3
0.688603 0.663183 0.663183 2 2 3
0.688718 0.662462 0.662462 2 2 3
0.688833 0.661741 0.661741 2 2 3
0.688947 0.661021 0.661021 2 2 3
0.689061 0.660301 0.660301 2 2 3
0.689175 0.659583 0.659583 2 2 3
0.689289 0.658865 0.658865 2 2 3
0.689402 0.658148 0.658148 2 2 3
0.689515 0.657431 0.657431 2 2 3
0.689628 0.656716 0.656716 2 2 3
0.689741 0.656001 0.656001 2 2 3
0.689853 0.655286 0.655286 2 2 3
0.689965 0.654573 0.654573 2 2 3
0.690077 0.65386 0.65386 2 2 3
0.690189 0.653148 0.653148 2 2 3
0.6903 0.652437 0.652437 2 2 3
0.690411 0.651726 0.651726 2 2 3
0.690522 0.651016 0.651016 2 2 3
0.690633 0.650307 0.650307 2 2 3
0.690743 0.649598 0.649598 2 2 3
0.690853 0.64889 0.64889 2 2 3
0.690963 0.648183 0.648183 2 2 3
0.691073 0.647477 0.647477 2 2 3
0.691182 0.646771 0.646771 2 2 3
0.691291 0.646066 0.646066 2 2 3
0.6914 0.645362 0.645362 2 2 3
0.691509 0.644658 0.644658 2 2 3
0.691617 0.643955 0.643955 2 2 3
0.691725 0.643253 0.643253 2 2 3
0.691833 0.642552 0.642552 2 2 3
0.691941 0.641851 0.641851 2 2 3
0.692048 0.641151 0.641151 2 2 3
0.692155 0.640451 0.640451 2 2 3
0.692262 0.639752 0.639752 2 2 3
0.692369 0.639054 0.639054 2 2 3
0.692475 0.638357 0.638357 2 2 3
0.692582 0.63766 0.63766 2 2 3
0.692688 0.636964 0.636964 2 2 3
0.692793 0.636269 0.636269 2 2 3
0.692899 0.635574 0.635574 2 2 3
0.693004 0.63488 0.63488 2 2 3
0.693109 0.634187 0.634187 2 2 3
0.693214 0.633494 0.633494 2 2 3
0.693318 0.632802 0.632802 2 2 3
0.693422 0.632111 0.632111 2 2 3
0.693526 0.63142 0.63142 2 2 3
0.69363 0.63073 0.63073 2 2 3
0.693734 0.63004 0.63004 2 2 3
0.693837 0.629352 0.629352 2 2 3
0.69394 0.628664 0.628664 2 2 3
0.694043 0.627976 0.627976 2 2 3
0.694146 0.627289 0.627289 2 2 3
0.694248 0.626603 0.626603 2 2 3
0.69435 0.625918 0.625918 2 2 3
0.694452 0.625233 0.625233 2 2 3
0.694554 0.624549 0.624549 2 2 3
0.694655 0.623865 0.623865 2 2 3
0.694756 0.623182 0.623182 2 2 3
0.694857 0.6225 0.6225 2 2 3
0.694958 0.621819 0.621819 2 2 3
0.695058 0.621138 0.621138 2 2 3
0.695159 0.620457 0.620457 2 2 3
0.695259 0.619778 0.619778 2 2 3
0.695358 0.619098 0.619098 2 2 3
0.695458 0.61842 0.61842 2 2 3
0.695557 0.617742 0.617742 2 2 3
0.695656 0.617065 0.617065 2 2 3
0.695755 0.616388 0.616388 2 2 3
0.695854 0.615712 0.615712 2 2 3
0.695952 0.615037 0.615037 2 2 3
0.69605 0.614362 0.614362 2 2 3
0.696148 0.613688 0.613688 2 2 3
0.696246 0.613015 0.613015 2 2 3
0.696343 0.612342 0.612342 2 2 3
0.69644 0.61167 0.61167 2 2 3
0.696537 0.610998 0.610998 2 2 3
0.696634 0.610327 0.610327 2 2 3
0.696731 0.609657 0.609657 2 2 3
0.696827 0.608987 0.608987 2 2 3
0.696923 0.608318 0.608318 2 2 3
0.697019 0.607649 0.607649 2 2 3
0.697114 0.606981 0.606981 2 2 3
0.69721 0.606314 0.606314 2 2 3
0.697305 0.605647 0.605647 2 2 3
0.6974 0.604981 0.604981 2 2 3
0.697495 0.604315 0.604315 2 2 3
0.697589 0.60365 0.60365 2 2 3
0.697683 0.602986 0.602986 2 2 3
0.697777 0.602322 0.602322 2 2 3
0.697871 0.601659 0.601659 2 2 3
0.697965 0.600996 0.600996 2 2 3
0.698058 0.600334 0.600334 2 2 3
0.698151 0.599673 0.599673 2 2 3
0.698244 0.599012 0.599012 2 2 3
0.698337 0.598352 0.598352 2 2 3
0.698429 0.597692 0.597692 2 2 3
0.698521 0.597033 0.597033 2 2 3
0.698613 0.596374 0.596374 2 2 3
0.698705 0.595716 0.595716 2 2 3
0.698797 0.595059 0.595059 2 2 3
0.698888 0.594402 0.594402 2 2 3
0.698979 0.593746 0.593746 2 2 3
0.69907 0.59309 0.59309 2 2 3
0.69916 0.592435 0.592435 2 2 3
0.699251 0.59178 0.59178 2 2 3
0.699341 0.591126 0.591126 2 2 3
0.699431 0.590473 0.590473 2 2 3
0.699521 0.58982 0.58982 2 2 3
0.69961 0.589168 0.589168 2 2 3
0.6997 0.588516 0.588516 2 2 3
0.699789 0.587865 0.587865 2 2 3
0.699877 0.587214 0.587214 2 2 3
0.699966 0.586564 0.586564 2 2 3
0.700055 0.585915 0.585915 2 2 3
0.700143 0.585266 0.585266 2 2 3
0.700231 0.584617 0.584617 2 2 3
0.700318 0.583969 0.583969 2 2 3
0.700406 0.583322 0.583322 2 2 3
0.700493 0.582675 0.582675 2 2 3
0.70058 0.582029 0.582029 2 2 3
0.700667 0.581383 0.581383 2 2 3
0.700754 0.580738 0.580738 2 2 3
0.70084 0.580093 0.580093 2 2 3
0.700927 0.579449 0.579449 2 2 3
0.701013 0.578806 0.578806 2 2 3
0.701098 0.578163 0.578163 2 2 3
0.701184 0.57752 0.57752 2 2 3
0.701269 0.576878 0.576878 2 2 3
0.701354 0.576237 0.576237 2 2 3
0.701439 0.575596 0.575596 2 2 3
0.701524 0.574955 0.574955 2 2 3
0.701608 0.574316 0.574316 2 2 3
0.701693 0.573676 0.573676 2 2 3
0.701777 0.573037 0.573037 2 2 3
0.701861 0.572399 0.572399 2 2 3
0.701944 0.571761 0.571761 2 2 3
0.702027 0.571124 0.571124 2 2 3
0.702111 0.570487 0.570487 2 2 3
0.702194 0.569851 0.569851 2 2 3
0.702276 0.569215 0.569215 2 2 3
0.702359 0.56858 0.56858 2 2 3
0.702441 0.567945 0.567945 2 2 3
0.702523 0.567311 0.567311 2 2 3
0.702605 0.566678 0.566678 2 2 3
0.702687 0.566044 0.566044 2 2 3
0.702768 0.565412 0.565412 2 2 3
0.70285 0.564779 0.564779 2 2 3
0.702931 0.564148 0.564148 2 2 3
0.703011 0.563517 0.563517 2 2 3
0.703092 0.562886 0.562886 2 2 3
0.703172 0.562256 0.562256 2 2 3
0.703253 0.561626 0.561626 2 2 3
0.703332 0.560997 0.560997 2 2 3
0.703412 0.560368 0.560368 2 2 3
0.703492 0.55974 0.55974 2 2 3
0.703571 0.559112 0.559112 2 2 3
0.70365 0.558485 0.558485 2 2 3
0.703729 0.557858 0.557858 2 2 3
0.703808 0.557232 0.557232 2 2 3
0.703886 0.556606 0.556606 2 2 3
0.703964 0.555981 0.555981 2 2 3
0.704042 0.555356 0.555356 2 2 3
0.70412 0.554731 0.554731 2 2 3
0.704198 0.554108 0.554108 2 2 3
0.704275 0.553484 0.553484 2 2 3
0.704353 0.552861 0.552861 2 2 3
0.70443 0.552239 0.552239 2 2 3
0.704506 0.551617 0.551617 2 2 3
0.704583 0.550995 0.550995 2 2 3
0.704659 0.550374 0.550374 2 2 3
0.704735 0.549753 0.549753 2 2 3
0.704811 0.549133 0.549133 2 2 3
0.704887 0.548514 0.548514 2 2 3
0.704963 0.547894 0.547894 2 2 3
0.705038 0.547276 0.547276 2 2 3
0.705113 0.546657 0.546657 2 2 3
0.705188 0.546039 0.546039 2 2 3
0.705263 0.545422 0.545422 2 2 3
0.705337 0.544805 0.544805 2 2 3
0.705411 0.544189 0.544189 2 2 3
0.705485 0.543573 0.543573 2 2 3
0.705559 0.542957 0.542957 2 2 3
0.705633 0.542342 0.542342 2 2 3
0.705706 0.541727 0.541727 2 2 3
0.705779 0.541113 0.541113 2 2 3
0.705852 0.540499 0.540499 2 2 3
0.705925 0.539886 0.539886 2 2 3
0.705998 0.539273 0.539273 2 2 3
0.70607 0.53866 0.53866 2 2 3
0.706142 0.538048 0.538048 2 2 3
0.706214 0.537436 0.537436 2 2 3
0.706286 0.536825 0.536825 2 2 3
0.706358 0.536214 0.536214 2 2 3
0.706429 0.535604 0.535604 2 2 3
0.7065 0.534994 0.534994 2 2 3
0.706571 0.534385 0.534385 2 2 3
0.706642 0.533776 0.533776 2 2 3
0.706712 0.533167 0.533167 2 2 3
0.706783 0.532559 0.532559 2 2 3
0.706853 0.531951 0.531951 2 2 3
0.706923 0.531344 0.531344 2 2 3
0.706992 0.530737 0.530737 2 2 3
0.707062 0.53013 0.53013 2 2 3
0.707131 0.529524 0.529524 2 2 3
0.7072 0.528918 0.528918 2 2 3
0.707269 0.528313 0.528313 2 2 3
0.707338 0.527708 0.527708 2 2 3
0.707406 0.527104 0.527104 2 2 3
0.707474 0.526499 0.526499 2 2 3
0.707542 0.525896 0.525896 2 2 3
0.70761 0.525293 0.525293 2 2 3
0.707678 0.52469 0.52469 2 2 3
0.707745 0.524087 0.524087 2 2 3
0.707813 0.523485 0.523485 2 2 3
0.70788 0.522883 0.522883 2 2 3
0.707946 0.522282 0.522282 2 2 3
0.708013 0.521681 0.521681 2 2 3
0.708079 0.521081 0.521081 2 2 3
0.708146 0.520481 0.520481 2 2 3
0.708212 0.519881 0.519881 2 2 3
0.708277 0.519281 0.519281 2 2 3
0.708343 0.518683 0.518683 2 2 3
0.708408 0.518084 0.518084 2 2 3
0.708474 0.517486 0.517486 2 2 3
0.708539 0.516888 0.516888 2 2 3
0.708603 0.51629 0.51629 2 2 3
0.708626 0.516078 0.516078 2 2 3
0.708641 0.515612 0.515612 2 2 3
0.708781 0.516033 0.516033 2 2 3
