0.425456 0.3 0.3 2 3 3
0.425451 0.300011 0.300011 2 3 3
0.425468 0.299986 0.299986 2 3 3
0.425488 0.29996 0.29996 2 3 3
0.425527 0.299909 0.299909 2 3 3
0.425606 0.299805 0.299805 2 3 3
0.425729 0.299644 0.299644 2 3 3
0.425852 0.299483 0.299483 2 3 3
0.425975 0.299321 0.299321 2 3 3
0.426099 0.299159 0.299159 2 3 3
0.426222 0.298997 0.298997 2 3 3
0.426346 0.298834 0.298834 2 3 3
0.42647 0.298671 0.298671 2 3 3
0.426593 0.298508 0.298508 2 3 3
0.426717 0.298345 0.298345 2 3 3
0.426841 0.298182 0.298182 2 3 3
0.426966 0.298019 0.298019 2 3 3
0.42709 0.297855 0.297855 2 3 3
0.427214 0.297691 0.297691 2 3 3
0.427339 0.297527 0.297527 2 3 3
0.427463 0.297363 0.297363 2 3 3
0.427588 0.297198 0.297198 2 3 3
0.427713 0.297034 0.297034 2 3 3
0.427838 0.296869 0.296869 2 3 3
0.427963 0.296704 0.296704 2 3 3
0.428088 0.296539 0.296539 2 3 3
0.428214 0.296373 0.296373 2 3 3
0.428339 0.296207 0.296207 2 3 3
0.428465 0.296041 0.296041 2 3 3
0.42859 0.295875 0.295875 2 3 3
0.428716 0.295708 0.295708 2 3 3
0.428842 0.295542 0.295542 2 3 3
0.428968 0.295375 0.295375 2 3 3
0.429094 0.295208 0.295208 2 3 3
0.42922 0.295041 0.295041 2 3 3
0.429347 0.294873 0.294873 2 3 3
0.429473 0.294705 0.294705 2 3 3
0.4296 0.294537 0.294537 2 3 3
0.429727 0.294369 0.294369 2 3 3
0.429854 0.294201 0.294201 2 3 3
0.429981 0.294032 0.294032 2 3 3
0.430108 0.293863 0.293863 2 3 3
0.430235 0.293694 0.293694 2 3 3
0.430363 0.293524 0.293524 2 3 3
0.43049 0.293355 0.293355 2 3 3
0.430618 0.293185 0.293185 2 3 3
0.430746 0.293015 0.293015 2 3 3
0.430873 0.292845 0.292845 2 3 3
0.431001 0.292675 0.292675 2 3 3
0.431129 0.292505 0.292505 2 3 3
0.431257 0.292333 0.292333 2 3 3
0.431385 0.292163 0.292163 2 3 3
0.431514 0.291991 0.291991 2 3 3
0.431642 0.29182 0.29182 2 3 3
0.43177 0.291649 0.291649 2 3 3
0.431899 0.291477 0.291477 2 3 3
0.432027 0.291306 0.291306 2 3 3
0.432155 0.291135 0.291135 2 3 3
0.432282 0.290965 0.290965 2 3 3
0.432411 0.290793 0.290793 2 3 3
0.432537 0.290625 0.290625 2 3 3
0.432665 0.290452 0.290452 2 3 3
0.432793 0.290281 0.290281 2 3 3
0.432921 0.290109 0.290109 2 3 3
0.43305 0.289938 0.289938 2 3 3
0.433178 0.289766 0.289766 2 3 3
0.433306 0.289593 0.289593 2 3 3
0.433435 0.289421 0.289421 2 3 3
0.433564 0.289248 0.289248 2 3 3
0.433693 0.289075 0.289075 2 3 3
0.433822 0.288902 0.288902 2 3 3
0.43395 0.288729 0.288729 2 3 3
0.434078 0.288557 0.288557 2 3 3
0.434206 0.288385 0.288385 2 3 3
0.434332 0.288215 0.288215 2 3 3
0.43446 0.288043 0.288043 2 3 3
0.434588 0.28787 0.28787 2 3 3
0.434718 0.287696 0.287696 2 3 3
0.434846 0.287523 0.287523 2 3 3
0.434973 0.287352 0.287352 2 3 3
0.435101 0.287179 0.287179 2 3 3
0.435237 0.286997 0.286997 2 3 3
0.435368 0.286819 0.286819 2 3 3
0.435501 0.28664 0.28664 2 3 3
0.435632 0.286462 0.286462 2 3 3
0.435764 0.286285 0.286285 2 3 3
0.435894 0.286109 0.286109 2 3 3
0.436026 0.28593 0.28593 2 3 3
0.436157 0.285754 0.285754 2 3 3
0.436284 0.285581 0.285581 2 3 3
0.436409 0.285413 0.285413 2 3 3
0.436531 0.285247 0.285247 2 3 3
0.436657 0.285077 0.285077 2 3 3
0.436777 0.284914 0.284914 2 3 3
0.436902 0.284744 0.284744 2 3 3
0.437027 0.284575 0.284575 2 3 3
0.437152 0.284405 0.284405 2 3 3
0.437281 0.284229 0.284229 2 3 3
0.437405 0.284062 0.284062 2 3 3
0.43753 0.283891 0.283891 2 3 3
0.437656 0.283721 0.283721 2 3 3
0.437778 0.283555 0.283555 2 3 3
0.437901 0.283388 0.283388 2 3 3
0.438025 0.283219 0.283219 2 3 3
0.438149 0.283051 0.283051 2 3 3
0.438273 0.282882 0.282882 2 3 3
0.438397 0.282713 0.282713 2 3 3
0.43852 0.282545 0.282545 2 3 3
0.438643 0.282378 0.282378 2 3 3
0.438764 0.282213 0.282213 2 3 3
0.438888 0.282043 0.282043 2 3 3
0.43901 0.281876 0.281876 2 3 3
0.439137 0.281704 0.281704 2 3 3
0.439268 0.281525 0.281525 2 3 3
0.439402 0.281341 0.281341 2 3 3
0.439535 0.281159 0.281159 2 3 3
0.439664 0.280983 0.280983 2 3 3
0.439795 0.280805 0.280805 2 3 3
0.439921 0.280632 0.280632 2 3 3
0.44005 0.280455 0.280455 2 3 3
0.440186 0.280269 0.280269 2 3 3
0.440317 0.28009 0.28009 2 3 3
0.440447 0.279912 0.279912 2 3 3
0.440573 0.27974 0.27974 2 3 3
0.440696 0.27957 0.27957 2 3 3
0.440829 0.279388 0.279388 2 3 3
0.440951 0.27922 0.27922 2 3 3
0.441077 0.279048 0.279048 2 3 3
0.441202 0.278876 0.278876 2 3 3
0.441326 0.278705 0.278705 2 3 3
0.441459 0.278522 0.278522 2 3 3
0.441585 0.278349 0.278349 2 3 3
0.441721 0.278162 0.278162 2 3 3
0.441849 0.277986 0.277986 2 3 3
0.441977 0.27781 0.27781 2 3 3
0.442114 0.277622 0.277622 2 3 3
0.442239 0.277448 0.277448 2 3 3
0.44238 0.277254 0.277254 2 3 3
0.442505 0.277082 0.277082 2 3 3
0.442633 0.276906 0.276906 2 3 3
0.442758 0.276733 0.276733 2 3 3
0.442884 0.276559 0.276559 2 3 3
0.442974 0.276434 0.276434 2 3 3
0.442977 0.275796 0.275796 2 3 3
0.425456 0.3 0.3 2 3 3
0.425539 0.299895 0.299895 2 3 3
0.425645 0.299754 0.299754 2 3 3
0.425842 0.299496 0.299496 2 3 3
0.426236 0.298978 0.298978 2 3 3
0.427027 0.29794 0.29794 2 3 3
0.42827 0.296303 0.296303 2 3 3
0.429529 0.294637 0.294637 2 3 3
0.430803 0.292945 0.292945 2 3 3
0.432089 0.29123 0.29123 2 3 3
0.433388 0.28949 0.28949 2 3 3
0.434701 0.287726 0.287726 2 3 3
0.436027 0.285936 0.285936 2 3 3
0.437368 0.284119 0.284119 2 3 3
0.438739 0.282247 0.282247 2 3 3
0.44011 0.280374 0.280374 2 3 3
0.441497 0.27847 0.27847 2 3 3
0.44219 0.277519 0.277519 2 3 3
0.443596 0.275582 0.275582 2 3 3
0.444884 0.273788 0.273788 2 3 3
0.446199 0.271958 0.271958 2 3 3
0.447536 0.270089 0.270089 2 3 3
0.4489 0.268175 0.268175 2 3 3
0.450291 0.266214 0.266214 2 3 3
0.451709 0.264205 0.264205 2 3 3
0.453153 0.262151 0.262151 2 3 3
0.454623 0.26005 0.26005 2 3 3
0.456119 0.257901 0.257901 2 3 3
0.457639 0.255707 0.255707 2 3 3
0.459189 0.253459 0.253459 2 3 3
0.460768 0.251157 0.251157 2 3 3
0.462375 0.248803 0.248803 2 3 3
0.464012 0.246391 0.246391 2 3 3
0.46568 0.243921 0.243921 2 3 3
0.467379 0.24139 0.24139 2 3 3
0.469111 0.238795 0.238795 2 3 3
0.470876 0.236134 0.236134 2 3 3
0.472679 0.2334 0.2334 2 3 3
0.474521 0.23059 0.23059 2 3 3
0.476403 0.227701 0.227701 2 3 3
0.478327 0.224727 0.224727 2 3 3
0.480299 0.221658 0.221658 2 3 3
0.482319 0.218492 0.218492 2 3 3
0.484393 0.215218 0.215218 2 3 3
0.486525 0.211827 0.211827 2 3 3
0.488719 0.208311 0.208311 2 3 3
0.49098 0.204657 0.204657 2 3 3
0.493314 0.200853 0.200853 2 3 3
0.495727 0.196886 0.196886 2 3 3
0.498229 0.192735 0.192735 2 3 3
0.500831 0.188375 0.188375 2 3 3
0.503544 0.183785 0.183785 2 3 3
0.50638 0.178932 0.178932 2 3 3
0.509361 0.173774 0.173774 2 3 3
0.512507 0.168264 0.168264 2 3 3
0.515855 0.162324 0.162324 2 3 3
0.51944 0.155871 0.155871 2 3 3
0.523324 0.148773 0.148773 2 3 3
0.527595 0.140829 0.140829 2 3 3
0.532397 0.131723 0.131723 2 3 3
0.53799 0.120873 0.120873 2 3 3
0.544996 0.106877 0.106877 2 3 3
0.555701 0.0845849 0.0845849 2 3 3
0.560751 0.0736493 0.0736493 2 3 3
0.561799 0.0713462 0.0713462 2 3 3
0.56391 0.0666658 0.0666658 2 3 3
0.564962 0.0643145 0.0643145 2 3 3
0.565468 0.0631785 0.0631785 2 3 3
0.566037 0.0619009 0.0619009 2 3 3
0.566167 0.0616046 0.0616046 2 3 3
0.566238 0.0614447 0.0614447 2 3 3
0.566236 0.0609214 0.0609214 2 3 3
0.425456 0.3 0.3 2 3 3
0.425343 0.300152 0.300152 2 3 3
0.425252 0.300269 0.300269 2 3 3
0.425055 0.300526 0.300526 2 3 3
0.424663 0.30104 0.30104 2 3 3
0.423881 0.302062 0.302062 2 3 3
0.422667 0.303647 0.303647 2 3 3
0.421467 0.305205 0.305205 2 3 3
0.420279 0.306741 0.306741 2 3 3
0.419102 0.308259 0.308259 2 3 3
0.417935 0.309758 0.309758 2 3 3
0.416777 0.311241 0.311241 2 3 3
0.415628 0.312706 0.312706 2 3 3
0.414489 0.314155 0.314155 2 3 3
0.413359 0.315588 0.315588 2 3 3
0.412238 0.317005 0.317005 2 3 3
0.411126 0.318407 0.318407 2 3 3
0.410022 0.319793 0.319793 2 3 3
0.408926 0.321165 0.321165 2 3 3
0.407839 0.322523 0.322523 2 3 3
0.406759 0.323867 0.323867 2 3 3
0.405687 0.325197 0.325197 2 3 3
0.404623 0.326514 0.326514 2 3 3
0.403567 0.327818 0.327818 2 3 3
0.402517 0.329109 0.329109 2 3 3
0.401475 0.330387 0.330387 2 3 3
0.40044 0.331654 0.331654 2 3 3
0.399412 0.332908 0.332908 2 3 3
0.398391 0.33415 0.33415 2 3 3
0.397377 0.335381 0.335381 2 3 3
0.396369 0.336601 0.336601 2 3 3
0.395367 0.337809 0.337809 2 3 3
0.394372 0.339007 0.339007 2 3 3
0.393383 0.340194 0.340194 2 3 3
0.392401 0.341371 0.341371 2 3 3
0.391424 0.342537 0.342537 2 3 3
0.390453 0.343693 0.343693 2 3 3
0.389488 0.344839 0.344839 2 3 3
0.388529 0.345976 0.345976 2 3 3
0.387576 0.347103 0.347103 2 3 3
0.386628 0.348221 0.348221 2 3 3
0.385685 0.34933 0.34933 2 3 3
0.384748 0.350429 0.350429 2 3 3
0.383816 0.35152 0.35152 2 3 3
0.38289 0.352602 0.352602 2 3 3
0.381968 0.353675 0.353675 2 3 3
0.381052 0.35474 0.35474 2 3 3
0.380141 0.355797 0.355797 2 3 3
0.379234 0.356846 0.356846 2 3 3
0.378333 0.357886 0.357886 2 3 3
0.377436 0.358919 0.358919 2 3 3
0.376544 0.359944 0.359944 2 3 3
0.375656 0.360961 0.360961 2 3 3
0.374773 0.361971 0.361971 2 3 3
0.373895 0.362973 0.362973 2 3 3
0.373021 0.363968 0.363968 2 3 3
0.372152 0.364956 0.364956 2 3 3
0.371287 0.365937 0.365937 2 3 3
0.370426 0.366911 0.366911 2 3 3
0.369569 0.367878 0.367878 2 3 3
0.368717 0.368838 0.368838 2 3 3
0.367868 0.369791 0.369791 2 3 3
0.367024 0.370738 0.370738 2 3 3
0.366184 0.371679 0.371679 2 3 3
0.365348 0.372613 0.372613 2 3 3
0.364515 0.373541 0.373541 2 3 3
0.363687 0.374463 0.374463 2 3 3
0.362862 0.375378 0.375378 2 3 3
0.362041 0.376288 0.376288 2 3 3
0.361224 0.377191 0.377191 2 3 3
0.36041 0.378089 0.378089 2 3 3
0.359601 0.378981 0.378981 2 3 3
0.358794 0.379867 0.379867 2 3 3
0.357992 0.380748 0.380748 2 3 3
0.357192 0.381623 0.381623 2 3 3
0.356397 0.382492 0.382492 2 3 3
0.355605 0.383356 0.383356 2 3 3
0.354816 0.384215 0.384215 2 3 3
0.35403 0.385069 0.385069 2 3 3
0.353248 0.385917 0.385917 2 3 3
0.352469 0.38676 0.38676 2 3 3
0.351693 0.387598 0.387598 2 3 3
0.350921 0.388431 0.388431 2 3 3
0.350152 0.389259 0.389259 2 3 3
0.349386 0.390083 0.390083 2 3 3
0.348623 0.390901 0.390901 2 3 3
0.347863 0.391715 0.391715 2 3 3
0.347106 0.392523 0.392523 2 3 3
0.346352 0.393328 0.393328 2 3 3
0.345601 0.394127 0.394127 2 3 3
0.344853 0.394922 0.394922 2 3 3
0.344108 0.395713 0.395713 2 3 3
0.343366 0.396499 0.396499 2 3 3
0.342627 0.397281 0.397281 2 3 3
0.341891 0.398058 0.398058 2 3 3
0.341157 0.398831 0.398831 2 3 3
0.340426 0.3996 0.3996 2 3 3
0.339698 0.400365 0.400365 2 3 3
0.338973 0.401125 0.401125 2 3 3
0.338251 0.401881 0.401881 2 3 3
0.337531 0.402634 0.402634 2 3 3
0.336814 0.403382 0.403382 2 3 3
0.336099 0.404126 0.404126 2 3 3
0.335387 0.404867 0.404867 2 3 3
0.334678 0.405603 0.405603 2 3 3
0.333971 0.406336 0.406336 2 3 3
0.333266 0.407064 0.407064 2 3 3
0.332565 0.407789 0.407789 2 3 3
0.331865 0.408511 0.408511 2 3 3
0.331168 0.409228 0.409228 2 3 3
0.330474 0.409942 0.409942 2 3 3
0.329782 0.410653 0.410653 2 3 3
0.329092 0.41136 0.41136 2 3 3
0.328405 0.412063 0.412063 2 3 3
0.32772 0.412763 0.412763 2 3 3
0.327038 0.413459 0.413459 2 3 3
0.326358 0.414152 0.414152 2 3 3
0.32568 0.414841 0.414841 2 3 3
0.325004 0.415527 0.415527 2 3 3
0.324331 0.41621 0.41621 2 3 3
0.32366 0.416889 0.416889 2 3 3
0.322991 0.417566 0.417566 2 3 3
0.322324 0.418238 0.418238 2 3 3
0.32166 0.418908 0.418908 2 3 3
0.320998 0.419575 0.419575 2 3 3
0.320337 0.420238 0.420238 2 3 3
0.319679 0.420898 0.420898 2 3 3
0.319024 0.421556 0.421556 2 3 3
0.31837 0.42221 0.42221 2 3 3
0.317718 0.422861 0.422861 2 3 3
0.317068 0.423509 0.423509 2 3 3
0.316421 0.424154 0.424154 2 3 3
0.315775 0.424796 0.424796 2 3 3
0.315132 0.425436 0.425436 2 3 3
0.31449 0.426072 0.426072 2 3 3
0.313851 0.426705 0.426705 2 3 3
0.313213 0.427336 0.427336 2 3 3
0.312577 0.427964 0.427964 2 3 3
0.311944 0.428589 0.428589 2 3 3
0.311312 0.429211 0.429211 2 3 3
0.310682 0.429831 0.429831 2 3 3
0.310054 0.430448 0.430448 2 3 3
0.309428 0.431062 0.431062 2 3 3
0.308804 0.431673 0.431673 2 3 3
0.308182 0.432282 0.432282 2 3 3
0.307561 0.432888 0.432888 2 3 3
0.306943 0.433492 0.433492 2 3 3
0.306326 0.434093 0.434093 2 3 3
0.305711 0.434692 0.434692 2 3 3
0.305098 0.435287 0.435287 2 3 3
0.304486 0.435881 0.435881 2 3 3
0.303876 0.436472 0.436472 2 3 3
0.303268 0.43706 0.43706 2 3 3
0.302662 0.437646 0.437646 2 3 3
0.302058 0.43823 0.43823 2 3 3
0.301455 0.438811 0.438811 2 3 3
0.300854 0.43939 0.43939 2 3 3
0.300255 0.439966 0.439966 2 3 3
0.299657 0.44054 0.44054 2 3 3
0.299061 0.441112 0.441112 2 3 3
0.298467 0.441681 0.441681 2 3 3
0.297874 0.442248 0.442248 2 3 3
0.297283 0.442813 0.442813 2 3 3
0.296694 0.443376 0.443376 2 3 3
0.296106 0.443936 0.443936 2 3 3
0.29552 0.444494 0.444494 2 3 3
0.294935 0.44505 0.44505 2 3 3
0.294352 0.445603 0.445603 2 3 3
0.293771 0.446155 0.446155 2 3 3
0.293191 0.446704 0.446704 2 3 3
0.292613 0.447251 0.447251 2 3 3
0.292036 0.447796 0.447796 2 3 3
0.291461 0.448339 0.448339 2 3 3
0.290887 0.44888 0.44888 2 3 3
0.290315 0.449419 0.449419 2 3 3
0.289744 0.449956 0.449956 2 3 3
0.289175 0.45049 0.45049 2 3 3
0.288608 0.451023 0.451023 2 3 3
0.288041 0.451554 0.451554 2 3 3
0.287477 0.452082 0.452082 2 3 3
0.286913 0.452609 0.452609 2 3 3
0.286352 0.453133 0.453133 2 3 3
0.285791 0.453656 0.453656 2 3 3
0.285232 0.454177 0.454177 2 3 3
0.284675 0.454696 0.454696 2 3 3
0.284119 0.455213 0.455213 2 3 3
0.283564 0.455728 0.455728 2 3 3
0.283011 0.456241 0.456241 2 3 3
0.282459 0.456752 0.456752 2 3 3
0.281908 0.457261 0.457261 2 3 3
0.281359 0.457769 0.457769 2 3 3
0.280811 0.458274 0.458274 2 3 3
0.280265 0.458778 0.458778 2 3 3
0.27972 0.45928 0.45928 2 3 3
0.279176 0.45978 0.45978 2 3 3
0.278634 0.460279 0.460279 2 3 3
0.278093 0.460776 0.460776 2 3 3
0.277553 0.461271 0.461271 2 3 3
0.277015 0.461764 0.461764 2 3 3
0.276478 0.462255 0.462255 2 3 3
0.276479 0.462255 0.462255 2 3 3
0.27646 0.462271 0.462271 2 3 3
0.276452 0.462278 0.462278 2 3 3
0.276452 0.462193 0.462193 2 3 3
0.425456 0.3 0.3 2 3 3
0.425431 0.300036 0.300036 2 3 3
0.425438 0.300025 0.300025 2 3 3
0.425438 0.299709 0.299709 2 3 3
0.425456 0.3 0.3 2 3 3
0.425446 0.300015 0.300015 2 3 3
0.425444 0.300017 0.300017 2 3 3
0.425442 0.30002 0.30002 2 3 3
0.425438 0.300025 0.300025 2 3 3
0.425431 0.300034 0.300034 2 3 3
0.425424 0.300044 0.300044 2 3 3
0.425416 0.300054 0.300054 2 3 3
0.425402 0.300073 0.300073 2 3 3
0.425372 0.300112 0.300112 2 3 3
0.425313 0.300189 0.300189 2 3 3
0.425195 0.300343 0.300343 2 3 3
0.42496 0.300652 0.300652 2 3 3
0.42449 0.301267 0.301267 2 3 3
0.424023 0.301876 0.301876 2 3 3
0.423673 0.302334 0.302334 2 3 3
0.423324 0.302788 0.302788 2 3 3
0.422976 0.303241 0.303241 2 3 3
0.422284 0.30414 0.30414 2 3 3
0.421251 0.305479 0.305479 2 3 3
0.420065 0.307012 0.307012 2 3 3
0.418889 0.308527 0.308527 2 3 3
0.418597 0.308903 0.308903 2 3 3
0.418158 0.309467 0.309467 2 3 3
0.417289 0.310581 0.310581 2 3 3
0.416136 0.312054 0.312054 2 3 3
0.415992 0.312238 0.312238 2 3 3
0.415706 0.312603 0.312603 2 3 3
0.41542 0.312967 0.312967 2 3 3
0.414851 0.313691 0.313691 2 3 3
0.414637 0.313963 0.313963 2 3 3
0.414211 0.314504 0.314504 2 3 3
0.413787 0.315042 0.315042 2 3 3
0.413364 0.315578 0.315578 2 3 3
0.412523 0.31664 0.31664 2 3 3
0.411409 0.318046 0.318046 2 3 3
0.41113 0.318398 0.318398 2 3 3
0.410578 0.319091 0.319091 2 3 3
0.409752 0.320127 0.320127 2 3 3
0.408658 0.321496 0.321496 2 3 3
0.407573 0.322851 0.322851 2 3 3
0.406495 0.324191 0.324191 2 3 3
0.406225 0.324527 0.324527 2 3 3
0.405958 0.324858 0.324858 2 3 3
0.405425 0.325519 0.325519 2 3 3
0.404627 0.326505 0.326505 2 3 3
0.403571 0.327809 0.327809 2 3 3
0.402521 0.329101 0.329101 2 3 3
0.401479 0.330379 0.330379 2 3 3
0.400961 0.331014 0.331014 2 3 3
0.400572 0.33149 0.33149 2 3 3
0.399801 0.332431 0.332431 2 3 3
0.399288 0.333056 0.333056 2 3 3
0.398522 0.333988 0.333988 2 3 3
0.398266 0.334299 0.334299 2 3 3
0.397758 0.334916 0.334916 2 3 3
0.397506 0.335222 0.335222 2 3 3
0.397 0.335835 0.335835 2 3 3
0.395996 0.337048 0.337048 2 3 3
0.394996 0.338253 0.338253 2 3 3
0.394747 0.338554 0.338554 2 3 3
0.39425 0.339151 0.339151 2 3 3
0.393263 0.340335 0.340335 2 3 3
0.392771 0.340924 0.340924 2 3 3
0.392036 0.341803 0.341803 2 3 3
0.391062 0.342965 0.342965 2 3 3
0.390577 0.343543 0.343543 2 3 3
0.389852 0.344405 0.344405 2 3 3
0.388891 0.345545 0.345545 2 3 3
0.38865 0.34583 0.34583 2 3 3
0.388172 0.346396 0.346396 2 3 3
0.387222 0.347518 0.347518 2 3 3
0.386984 0.347799 0.347799 2 3 3
0.386511 0.348356 0.348356 2 3 3
0.386039 0.348912 0.348912 2 3 3
0.385569 0.349465 0.349465 2 3 3
0.3851 0.350015 0.350015 2 3 3
0.384632 0.350563 0.350563 2 3 3
0.384166 0.351109 0.351109 2 3 3
0.383701 0.351653 0.351653 2 3 3
0.383237 0.352194 0.352194 2 3 3
0.382775 0.352734 0.352734 2 3 3
0.382314 0.353271 0.353271 2 3 3
0.381854 0.353806 0.353806 2 3 3
0.381396 0.354339 0.354339 2 3 3
0.380939 0.35487 0.35487 2 3 3
0.380483 0.355399 0.355399 2 3 3
0.380028 0.355926 0.355926 2 3 3
0.379574 0.356451 0.356451 2 3 3
0.378672 0.357492 0.357492 2 3 3
0.378446 0.357753 0.357753 2 3 3
0.377997 0.358271 0.358271 2 3 3
0.377548 0.358788 0.358788 2 3 3
0.377101 0.359302 0.359302 2 3 3
0.376656 0.359814 0.359814 2 3 3
0.376211 0.360324 0.360324 2 3 3
0.375768 0.360832 0.360832 2 3 3
0.375325 0.361338 0.361338 2 3 3
0.374884 0.361843 0.361843 2 3 3
0.374444 0.362345 0.362345 2 3 3
0.374005 0.362846 0.362846 2 3 3
0.373567 0.363345 0.363345 2 3 3
0.373131 0.363842 0.363842 2 3 3
0.372695 0.364337 0.364337 2 3 3
0.372261 0.364831 0.364831 2 3 3
0.371827 0.365323 0.365323 2 3 3
0.371395 0.365813 0.365813 2 3 3
0.370964 0.366301 0.366301 2 3 3
0.370534 0.366787 0.366787 2 3 3
0.370104 0.367272 0.367272 2 3 3
0.369676 0.367755 0.367755 2 3 3
0.369249 0.368237 0.368237 2 3 3
0.368823 0.368716 0.368716 2 3 3
0.368398 0.369194 0.369194 2 3 3
0.367975 0.369671 0.369671 2 3 3
0.367552 0.370145 0.370145 2 3 3
0.36713 0.370618 0.370618 2 3 3
0.366709 0.37109 0.37109 2 3 3
0.366289 0.37156 0.37156 2 3 3
0.36587 0.372028 0.372028 2 3 3
0.365452 0.372495 0.372495 2 3 3
0.365035 0.37296 0.37296 2 3 3
0.36462 0.373423 0.373423 2 3 3
0.364205 0.373885 0.373885 2 3 3
0.363791 0.374346 0.374346 2 3 3
0.363377 0.374805 0.374805 2 3 3
0.362965 0.375262 0.375262 2 3 3
0.362554 0.375718 0.375718 2 3 3
0.362144 0.376172 0.376172 2 3 3
0.361735 0.376625 0.376625 2 3 3
0.361327 0.377077 0.377077 2 3 3
0.360919 0.377526 0.377526 2 3 3
0.360108 0.378421 0.378421 2 3 3
0.359905 0.378644 0.378644 2 3 3
0.359501 0.379089 0.379089 2 3 3
0.358696 0.379974 0.379974 2 3 3
0.358293 0.380417 0.380417 2 3 3
0.357893 0.380855 0.380855 2 3 3
0.357493 0.381293 0.381293 2 3 3
0.357094 0.381729 0.381729 2 3 3
0.356696 0.382164 0.382164 2 3 3
0.356299 0.382598 0.382598 2 3 3
0.355902 0.38303 0.38303 2 3 3
0.355507 0.383461 0.383461 2 3 3
0.355112 0.383891 0.383891 2 3 3
0.354718 0.38432 0.38432 2 3 3
0.354326 0.384747 0.384747 2 3 3
0.353933 0.385172 0.385172 2 3 3
0.353542 0.385597 0.385597 2 3 3
0.353152 0.38602 0.38602 2 3 3
0.352762 0.386442 0.386442 2 3 3
0.352373 0.386863 0.386863 2 3 3
0.351985 0.387282 0.387282 2 3 3
0.351598 0.3877 0.3877 2 3 3
0.351212 0.388117 0.388117 2 3 3
0.350826 0.388532 0.388532 2 3 3
0.350441 0.388947 0.388947 2 3 3
0.350057 0.38936 0.38936 2 3 3
0.349674 0.389772 0.389772 2 3 3
0.349292 0.390182 0.390182 2 3 3
0.34891 0.390592 0.390592 2 3 3
0.348529 0.391 0.391 2 3 3
0.348149 0.391407 0.391407 2 3 3
0.34777 0.391813 0.391813 2 3 3
0.347391 0.392218 0.392218 2 3 3
0.347013 0.392621 0.392621 2 3 3
0.346636 0.393024 0.393024 2 3 3
0.34626 0.393425 0.393425 2 3 3
0.345884 0.393825 0.393825 2 3 3
0.345509 0.394224 0.394224 2 3 3
0.345135 0.394622 0.394622 2 3 3
0.344762 0.395018 0.395018 2 3 3
0.344389 0.395414 0.395414 2 3 3
0.344017 0.395808 0.395808 2 3 3
0.343646 0.396201 0.396201 2 3 3
0.343276 0.396594 0.396594 2 3 3
0.342906 0.396985 0.396985 2 3 3
0.342537 0.397375 0.397375 2 3 3
0.342169 0.397764 0.397764 2 3 3
0.341801 0.398151 0.398151 2 3 3
0.341434 0.398538 0.398538 2 3 3
0.341068 0.398924 0.398924 2 3 3
0.340703 0.399309 0.399309 2 3 3
0.340338 0.399692 0.399692 2 3 3
0.339974 0.400075 0.400075 2 3 3
0.33961 0.400456 0.400456 2 3 3
0.339247 0.400837 0.400837 2 3 3
0.338885 0.401216 0.401216 2 3 3
0.338524 0.401594 0.401594 2 3 3
0.338163 0.401972 0.401972 2 3 3
0.337803 0.402348 0.402348 2 3 3
0.337444 0.402724 0.402724 2 3 3
0.337085 0.403098 0.403098 2 3 3
0.336727 0.403471 0.403471 2 3 3
0.33637 0.403843 0.403843 2 3 3
0.336013 0.404215 0.404215 2 3 3
0.335657 0.404585 0.404585 2 3 3
0.335301 0.404955 0.404955 2 3 3
0.334947 0.405323 0.405323 2 3 3
0.334592 0.40569 0.40569 2 3 3
0.334239 0.406057 0.406057 2 3 3
0.333886 0.406422 0.406422 2 3 3
0.333534 0.406787 0.406787 2 3 3
0.333182 0.407151 0.407151 2 3 3
0.332831 0.407513 0.407513 2 3 3
0.332481 0.407875 0.407875 2 3 3
0.332131 0.408236 0.408236 2 3 3
0.331782 0.408596 0.408596 2 3 3
0.331433 0.408955 0.408955 2 3 3
0.331085 0.409313 0.409313 2 3 3
0.330738 0.40967 0.40967 2 3 3
0.330046 0.410381 0.410381 2 3 3
0.3297 0.410737 0.410737 2 3 3
0.329355 0.41109 0.41109 2 3 3
0.329011 0.411442 0.411442 2 3 3
0.328667 0.411794 0.411794 2 3 3
0.328324 0.412145 0.412145 2 3 3
0.327981 0.412495 0.412495 2 3 3
0.327639 0.412845 0.412845 2 3 3
0.327298 0.413193 0.413193 2 3 3
0.326957 0.41354 0.41354 2 3 3
0.326617 0.413887 0.413887 2 3 3
0.326277 0.414233 0.414233 2 3 3
0.325938 0.414578 0.414578 2 3 3
0.325262 0.415264 0.415264 2 3 3
0.324924 0.415608 0.415608 2 3 3
0.324588 0.415949 0.415949 2 3 3
0.324251 0.41629 0.41629 2 3 3
0.323916 0.41663 0.41663 2 3 3
0.323581 0.416969 0.416969 2 3 3
0.323246 0.417307 0.417307 2 3 3
0.322912 0.417644 0.417644 2 3 3
0.322579 0.417981 0.417981 2 3 3
0.322246 0.418317 0.418317 2 3 3
0.321914 0.418652 0.418652 2 3 3
0.321582 0.418986 0.418986 2 3 3
0.321251 0.419319 0.419319 2 3 3
0.32092 0.419652 0.419652 2 3 3
0.32059 0.419983 0.419983 2 3 3
0.320261 0.420314 0.420314 2 3 3
0.319932 0.420644 0.420644 2 3 3
0.319603 0.420974 0.420974 2 3 3
0.319275 0.421303 0.421303 2 3 3
0.318948 0.42163 0.42163 2 3 3
0.318621 0.421958 0.421958 2 3 3
0.318295 0.422284 0.422284 2 3 3
0.317969 0.422609 0.422609 2 3 3
0.317644 0.422934 0.422934 2 3 3
0.317319 0.423258 0.423258 2 3 3
0.316995 0.423581 0.423581 2 3 3
0.316671 0.423904 0.423904 2 3 3
0.316348 0.424226 0.424226 2 3 3
0.316025 0.424547 0.424547 2 3 3
0.315703 0.424868 0.424868 2 3 3
0.315381 0.425187 0.425187 2 3 3
0.31506 0.425506 0.425506 2 3 3
0.314739 0.425824 0.425824 2 3 3
0.314419 0.426142 0.426142 2 3 3
0.314099 0.426459 0.426459 2 3 3
0.31378 0.426775 0.426775 2 3 3
0.313461 0.42709 0.42709 2 3 3
0.313143 0.427405 0.427405 2 3 3
0.312825 0.427719 0.427719 2 3 3
0.312508 0.428032 0.428032 2 3 3
0.312191 0.428345 0.428345 2 3 3
0.311874 0.428657 0.428657 2 3 3
0.311559 0.428968 0.428968 2 3 3
0.311243 0.429278 0.429278 2 3 3
0.310928 0.429588 0.429588 2 3 3
0.310614 0.429897 0.429897 2 3 3
0.3103 0.430205 0.430205 2 3 3
0.309987 0.430513 0.430513 2 3 3
0.309675 0.43082 0.43082 2 3 3
0.309362 0.431126 0.431126 2 3 3
0.30905 0.431431 0.431431 2 3 3
0.308739 0.431737 0.431737 2 3 3
0.308428 0.432041 0.432041 2 3 3
0.308117 0.432344 0.432344 2 3 3
0.307498 0.432949 0.432949 2 3 3
0.307189 0.433252 0.433252 2 3 3
0.30688 0.433552 0.433552 2 3 3
0.306572 0.433852 0.433852 2 3 3
0.306265 0.434152 0.434152 2 3 3
0.305957 0.434451 0.434451 2 3 3
0.305345 0.435047 0.435047 2 3 3
0.305038 0.435345 0.435345 2 3 3
0.304733 0.435641 0.435641 2 3 3
0.304428 0.435937 0.435937 2 3 3
0.304123 0.436232 0.436232 2 3 3
0.303819 0.436527 0.436527 2 3 3
0.303516 0.436821 0.436821 2 3 3
0.303212 0.437114 0.437114 2 3 3
0.30291 0.437407 0.437407 2 3 3
0.302305 0.437991 0.437991 2 3 3
0.302004 0.438281 0.438281 2 3 3
0.301403 0.438861 0.438861 2 3 3
0.301103 0.439149 0.439149 2 3 3
0.300804 0.439438 0.439438 2 3 3
0.300504 0.439726 0.439726 2 3 3
0.299906 0.440301 0.440301 2 3 3
0.299609 0.440586 0.440586 2 3 3
0.299014 0.441157 0.441157 2 3 3
0.298717 0.441441 0.441441 2 3 3
0.298125 0.442009 0.442009 2 3 3
0.29783 0.44229 0.44229 2 3 3
0.297239 0.442855 0.442855 2 3 3
0.296945 0.443135 0.443135 2 3 3
0.296357 0.443696 0.443696 2 3 3
0.296065 0.443975 0.443975 2 3 3
0.295479 0.444532 0.444532 2 3 3
0.295188 0.444809 0.444809 2 3 3
0.294604 0.445364 0.445364 2 3 3
0.294606 0.445321 0.445321 2 3 3
1.08639 0.3 0.3 2 2 3
1.0863 0.300105 0.300105 2 2 3
1.08621 0.300209 0.300209 2 2 3
1.08602 0.300418 0.300418 2 2 3
1.08565 0.300835 0.300835 2 2 3
1.0849 0.301668 0.301668 2 2 3
1.08374 0.302964 0.302964 2 2 3
1.08258 0.30425 0.30425 2 2 3
1.08142 0.305528 0.305528 2 2 3
1.08027 0.306798 0.306798 2 2 3
1.07912 0.308061 0.308061 2 2 3
1.07798 0.309317 0.309317 2 2 3
1.07684 0.310566 0.310566 2 2 3
1.0757 0.311808 0.311808 2 2 3
1.07456 0.313043 0.313043 2 2 3
1.07343 0.314272 0.314272 2 2 3
1.07231 0.315493 0.315493 2 2 3
1.07118 0.316708 0.316708 2 2 3
1.07006 0.317917 0.317917 2 2 3
1.06894 0.319119 0.319119 2 2 3
1.06783 0.320314 0.320314 2 2 3
1.06671 0.321503 0.321503 2 2 3
1.06561 0.322686 0.322686 2 2 3
1.0645 0.323862 0.323862 2 2 3
1.0634 0.325032 0.325032 2 2 3
1.0623 0.326196 0.326196 2 2 3
1.0612 0.327354 0.327354 2 2 3
1.06011 0.328506 0.328506 2 2 3
1.05902 0.329652 0.329652 2 2 3
1.05793 0.330792 0.330792 2 2 3
1.05685 0.331926 0.331926 2 2 3
1.05577 0.333054 0.333054 2 2 3
1.05469 0.334177 0.334177 2 2 3
1.05362 0.335293 0.335293 2 2 3
1.05254 0.336404 0.336404 2 2 3
1.05147 0.33751 0.33751 2 2 3
1.05041 0.33861 0.33861 2 2 3
1.04935 0.339705 0.339705 2 2 3
1.04828 0.340794 0.340794 2 2 3
1.04723 0.341877 0.341877 2 2 3
1.04617 0.342956 0.342956 2 2 3
1.04512 0.344029 0.344029 2 2 3
1.04407 0.345097 0.345097 2 2 3
1.04302 0.346159 0.346159 2 2 3
1.04198 0.347217 0.347217 2 2 3
1.04094 0.348269 0.348269 2 2 3
1.0399 0.349316 0.349316 2 2 3
1.03887 0.350358 0.350358 2 2 3
1.03783 0.351396 0.351396 2 2 3
1.0368 0.352428 0.352428 2 2 3
1.03578 0.353455 0.353455 2 2 3
1.03475 0.354478 0.354478 2 2 3
1.03373 0.355496 0.355496 2 2 3
1.03271 0.356509 0.356509 2 2 3
1.03169 0.357517 0.357517 2 2 3
1.03068 0.358521 0.358521 2 2 3
1.02967 0.35952 0.35952 2 2 3
1.02866 0.360514 0.360514 2 2 3
1.02765 0.361504 0.361504 2 2 3
1.02665 0.362489 0.362489 2 2 3
1.02565 0.36347 0.36347 2 2 3
1.02465 0.364446 0.364446 2 2 3
1.02365 0.365418 0.365418 2 2 3
1.02266 0.366386 0.366386 2 2 3
1.02166 0.367349 0.367349 2 2 3
1.02068 0.368308 0.368308 2 2 3
1.01969 0.369263 0.369263 2 2 3
1.0187 0.370213 0.370213 2 2 3
1.01772 0.371159 0.371159 2 2 3
1.01674 0.372101 0.372101 2 2 3
1.01577 0.373039 0.373039 2 2 3
1.01479 0.373973 0.373973 2 2 3
1.01382 0.374903 0.374903 2 2 3
1.01285 0.375829 0.375829 2 2 3
1.01188 0.376751 0.376751 2 2 3
1.01092 0.377668 0.377668 2 2 3
1.00995 0.378582 0.378582 2 2 3
1.00899 0.379492 0.379492 2 2 3
1.00803 0.380398 0.380398 2 2 3
1.00708 0.3813 0.3813 2 2 3
1.00612 0.382199 0.382199 2 2 3
1.00517 0.383093 0.383093 2 2 3
1.00422 0.383984 0.383984 2 2 3
1.00327 0.384871 0.384871 2 2 3
1.00233 0.385755 0.385755 2 2 3
1.00139 0.386634 0.386634 2 2 3
1.00044 0.387511 0.387511 2 2 3
0.999506 0.388383 0.388383 2 2 3
0.99857 0.389252 0.389252 2 2 3
0.997635 0.390117 0.390117 2 2 3
0.996703 0.390979 0.390979 2 2 3
0.995773 0.391838 0.391838 2 2 3
0.994845 0.392692 0.392692 2 2 3
0.993919 0.393544 0.393544 2 2 3
0.992996 0.394392 0.394392 2 2 3
0.992074 0.395236 0.395236 2 2 3
0.991155 0.396077 0.396077 2 2 3
0.990237 0.396915 0.396915 2 2 3
0.989322 0.39775 0.39775 2 2 3
0.988408 0.398581 0.398581 2 2 3
0.987497 0.399409 0.399409 2 2 3
0.986588 0.400233 0.400233 2 2 3
0.98568 0.401055 0.401055 2 2 3
0.984775 0.401873 0.401873 2 2 3
0.983872 0.402688 0.402688 2 2 3
0.98297 0.4035 0.4035 2 2 3
0.982071 0.404308 0.404308 2 2 3
0.981174 0.405114 0.405114 2 2 3
0.980278 0.405917 0.405917 2 2 3
0.979385 0.406716 0.406716 2 2 3
0.978493 0.407512 0.407512 2 2 3
0.977604 0.408306 0.408306 2 2 3
0.976716 0.409096 0.409096 2 2 3
0.97583 0.409883 0.409883 2 2 3
0.974946 0.410668 0.410668 2 2 3
0.974064 0.411449 0.411449 2 2 3
0.973184 0.412227 0.412227 2 2 3
0.972306 0.413003 0.413003 2 2 3
0.971429 0.413776 0.413776 2 2 3
0.970555 0.414545 0.414545 2 2 3
0.969682 0.415312 0.415312 2 2 3
0.968811 0.416076 0.416076 2 2 3
0.967942 0.416838 0.416838 2 2 3
0.967075 0.417596 0.417596 2 2 3
0.96621 0.418352 0.418352 2 2 3
0.965346 0.419105 0.419105 2 2 3
0.964484 0.419855 0.419855 2 2 3
0.963624 0.420603 0.420603 2 2 3
0.962766 0.421348 0.421348 2 2 3
0.96191 0.42209 0.42209 2 2 3
0.961055 0.422829 0.422829 2 2 3
0.960202 0.423566 0.423566 2 2 3
0.959351 0.4243 0.4243 2 2 3
0.958501 0.425032 0.425032 2 2 3
0.957653 0.425761 0.425761 2 2 3
0.956807 0.426487 0.426487 2 2 3
0.955963 0.427211 0.427211 2 2 3
0.955121 0.427932 0.427932 2 2 3
0.95428 0.428651 0.428651 2 2 3
0.953441 0.429367 0.429367 2 2 3
0.952603 0.430081 0.430081 2 2 3
0.951767 0.430793 0.430793 2 2 3
0.950933 0.431501 0.431501 2 2 3
0.950101 0.432208 0.432208 2 2 3
0.94927 0.432912 0.432912 2 2 3
0.948441 0.433613 0.433613 2 2 3
0.947613 0.434312 0.434312 2 2 3
0.946787 0.435009 0.435009 2 2 3
0.945963 0.435703 0.435703 2 2 3
0.94514 0.436395 0.436395 2 2 3
0.944319 0.437085 0.437085 2 2 3
0.9435 0.437772 0.437772 2 2 3
0.942682 0.438457 0.438457 2 2 3
0.941865 0.43914 0.43914 2 2 3
0.941051 0.43982 0.43982 2 2 3
0.940238 0.440499 0.440499 2 2 3
0.939426 0.441175 0.441175 2 2 3
0.938616 0.441848 0.441848 2 2 3
0.937808 0.44252 0.44252 2 2 3
0.937001 0.443189 0.443189 2 2 3
0.936196 0.443856 0.443856 2 2 3
0.935392 0.444521 0.444521 2 2 3
0.93459 0.445183 0.445183 2 2 3
0.933789 0.445844 0.445844 2 2 3
0.93299 0.446502 0.446502 2 2 3
0.932192 0.447158 0.447158 2 2 3
0.931396 0.447812 0.447812 2 2 3
0.930601 0.448464 0.448464 2 2 3
0.929808 0.449114 0.449114 2 2 3
0.929016 0.449762 0.449762 2 2 3
0.928226 0.450407 0.450407 2 2 3
0.927438 0.451051 0.451051 2 2 3
0.92665 0.451692 0.451692 2 2 3
0.925864 0.452332 0.452332 2 2 3
0.92508 0.452969 0.452969 2 2 3
0.924297 0.453605 0.453605 2 2 3
0.923516 0.454238 0.454238 2 2 3
0.922736 0.45487 0.45487 2 2 3
0.921957 0.455499 0.455499 2 2 3
0.92118 0.456127 0.456127 2 2 3
0.920404 0.456752 0.456752 2 2 3
0.91963 0.457376 0.457376 2 2 3
0.918857 0.457998 0.457998 2 2 3
0.918086 0.458617 0.458617 2 2 3
0.917316 0.459235 0.459235 2 2 3
0.916547 0.459851 0.459851 2 2 3
0.91578 0.460465 0.460465 2 2 3
0.915014 0.461077 0.461077 2 2 3
0.914249 0.461687 0.461687 2 2 3
0.913486 0.462296 0.462296 2 2 3
0.912724 0.462902 0.462902 2 2 3
0.911964 0.463507 0.463507 2 2 3
0.911205 0.46411 0.46411 2 2 3
0.910447 0.464711 0.464711 2 2 3
0.909691 0.46531 0.46531 2 2 3
0.908936 0.465908 0.465908 2 2 3
0.908182 0.466503 0.466503 2 2 3
0.90743 0.467097 0.467097 2 2 3
0.906679 0.467689 0.467689 2 2 3
0.905929 0.46828 0.46828 2 2 3
0.905181 0.468868 0.468868 2 2 3
0.904434 0.469455 0.469455 2 2 3
0.903688 0.47004 0.47004 2 2 3
0.902944 0.470624 0.470624 2 2 3
0.9022 0.471205 0.471205 2 2 3
0.901459 0.471785 0.471785 2 2 3
0.900718 0.472364 0.472364 2 2 3
0.899979 0.47294 0.47294 2 2 3
0.899241 0.473515 0.473515 2 2 3
0.898504 0.474088 0.474088 2 2 3
0.897768 0.47466 0.47466 2 2 3
0.897034 0.47523 0.47523 2 2 3
0.896301 0.475798 0.475798 2 2 3
0.89557 0.476365 0.476365 2 2 3
0.894839 0.47693 0.47693 2 2 3
0.89411 0.477493 0.477493 2 2 3
0.893382 0.478055 0.478055 2 2 3
0.892655 0.478615 0.478615 2 2 3
0.89193 0.479174 0.479174 2 2 3
0.891205 0.479731 0.479731 2 2 3
0.890482 0.480286 0.480286 2 2 3
0.88976 0.48084 0.48084 2 2 3
0.88904 0.481393 0.481393 2 2 3
0.88832 0.481943 0.481943 2 2 3
0.887602 0.482493 0.482493 2 2 3
0.886885 0.48304 0.48304 2 2 3
0.886169 0.483587 0.483587 2 2 3
0.885455 0.484131 0.484131 2 2 3
0.884741 0.484674 0.484674 2 2 3
0.884029 0.485216 0.485216 2 2 3
0.883318 0.485756 0.485756 2 2 3
0.882608 0.486295 0.486295 2 2 3
0.881899 0.486832 0.486832 2 2 3
0.881192 0.487368 0.487368 2 2 3
0.880485 0.487902 0.487902 2 2 3
0.87978 0.488435 0.488435 2 2 3
0.879076 0.488966 0.488966 2 2 3
0.878373 0.489496 0.489496 2 2 3
0.877671 0.490024 0.490024 2 2 3
0.876971 0.490551 0.490551 2 2 3
0.876271 0.491077 0.491077 2 2 3
0.875573 0.491601 0.491601 2 2 3
0.874876 0.492124 0.492124 2 2 3
0.874179 0.492645 0.492645 2 2 3
0.873484 0.493165 0.493165 2 2 3
0.872791 0.493683 0.493683 2 2 3
0.872098 0.494201 0.494201 2 2 3
0.871406 0.494716 0.494716 2 2 3
0.870716 0.495231 0.495231 2 2 3
0.870026 0.495744 0.495744 2 2 3
0.869338 0.496256 0.496256 2 2 3
0.868651 0.496766 0.496766 2 2 3
0.867964 0.497275 0.497275 2 2 3
0.867279 0.497783 0.497783 2 2 3
0.866595 0.498289 0.498289 2 2 3
0.865913 0.498794 0.498794 2 2 3
0.865231 0.499298 0.499298 2 2 3
0.86455 0.4998 0.4998 2 2 3
0.86387 0.500301 0.500301 2 2 3
0.863192 0.500801 0.500801 2 2 3
0.862514 0.5013 0.5013 2 2 3
0.861838 0.501797 0.501797 2 2 3
0.861162 0.502293 0.502293 2 2 3
0.860488 0.502787 0.502787 2 2 3
0.859815 0.503281 0.503281 2 2 3
0.859142 0.503773 0.503773 2 2 3
0.858471 0.504264 0.504264 2 2 3
0.857801 0.504753 0.504753 2 2 3
0.857132 0.505242 0.505242 2 2 3
0.856464 0.505729 0.505729 2 2 3
0.855796 0.506215 0.506215 2 2 3
0.85513 0.5067 0.5067 2 2 3
0.854465 0.507183 0.507183 2 2 3
0.853801 0.507665 0.507665 2 2 3
0.853138 0.508146 0.508146 2 2 3
0.852476 0.508626 0.508626 2 2 3
0.851815 0.509105 0.509105 2 2 3
0.851155 0.509582 0.509582 2 2 3
0.850496 0.510059 0.510059 2 2 3
0.849838 0.510534 0.510534 2 2 3
0.849181 0.511007 0.511007 2 2 3
0.848525 0.51148 0.51148 2 2 3
0.84787 0.511952 0.511952 2 2 3
0.847216 0.512422 0.512422 2 2 3
0.846563 0.512891 0.512891 2 2 3
0.845911 0.513359 0.513359 2 2 3
0.84526 0.513826 0.513826 2 2 3
0.84461 0.514292 0.514292 2 2 3
0.843961 0.514757 0.514757 2 2 3
0.843313 0.51522 0.51522 2 2 3
0.842665 0.515683 0.515683 2 2 3
0.842019 0.516144 0.516144 2 2 3
0.841374 0.516604 0.516604 2 2 3
0.84073 0.517063 0.517063 2 2 3
0.840086 0.517521 0.517521 2 2 3
0.839444 0.517978 0.517978 2 2 3
0.838802 0.518434 0.518434 2 2 3
0.838162 0.518888 0.518888 2 2 3
0.837522 0.519342 0.519342 2 2 3
0.836884 0.519794 0.519794 2 2 3
0.836246 0.520246 0.520246 2 2 3
0.835609 0.520696 0.520696 2 2 3
0.834973 0.521145 0.521145 2 2 3
0.834338 0.521594 0.521594 2 2 3
0.833704 0.522041 0.522041 2 2 3
0.833071 0.522487 0.522487 2 2 3
0.832439 0.522932 0.522932 2 2 3
0.831808 0.523376 0.523376 2 2 3
0.831177 0.523819 0.523819 2 2 3
0.830548 0.524261 0.524261 2 2 3
0.82992 0.524702 0.524702 2 2 3
0.829292 0.525141 0.525141 2 2 3
0.828665 0.52558 0.52558 2 2 3
0.828039 0.526018 0.526018 2 2 3
0.827414 0.526455 0.526455 2 2 3
0.82679 0.526891 0.526891 2 2 3
0.826167 0.527325 0.527325 2 2 3
0.825545 0.527759 0.527759 2 2 3
0.824924 0.528192 0.528192 2 2 3
0.824303 0.528624 0.528624 2 2 3
0.823684 0.529055 0.529055 2 2 3
0.823065 0.529484 0.529484 2 2 3
0.822447 0.529913 0.529913 2 2 3
0.82183 0.530341 0.530341 2 2 3
0.821214 0.530768 0.530768 2 2 3
0.820599 0.531194 0.531194 2 2 3
0.819984 0.531619 0.531619 2 2 3
0.819371 0.532043 0.532043 2 2 3
0.818758 0.532466 0.532466 2 2 3
0.818147 0.532888 0.532888 2 2 3
0.817536 0.533309 0.533309 2 2 3
0.816926 0.533729 0.533729 2 2 3
0.816316 0.534149 0.534149 2 2 3
0.815708 0.534567 0.534567 2 2 3
0.8151 0.534984 0.534984 2 2 3
0.814494 0.535401 0.535401 2 2 3
0.813888 0.535816 0.535816 2 2 3
0.813283 0.536231 0.536231 2 2 3
0.812679 0.536644 0.536644 2 2 3
0.812075 0.537057 0.537057 2 2 3
0.811473 0.537469 0.537469 2 2 3
0.810871 0.53788 0.53788 2 2 3
0.81027 0.53829 0.53829 2 2 3
0.80967 0.538699 0.538699 2 2 3
0.809071 0.539107 0.539107 2 2 3
0.808473 0.539515 0.539515 2 2 3
0.807875 0.539921 0.539921 2 2 3
0.807278 0.540327 0.540327 2 2 3
0.806682 0.540731 0.540731 2 2 3
0.806087 0.541135 0.541135 2 2 3
0.805493 0.541538 0.541538 2 2 3
0.804899 0.54194 0.54194 2 2 3
0.804307 0.542341 0.542341 2 2 3
0.803715 0.542742 0.542742 2 2 3
0.803124 0.543141 0.543141 2 2 3
0.802533 0.54354 0.54354 2 2 3
0.801944 0.543938 0.543938 2 2 3
0.801355 0.544335 0.544335 2 2 3
0.800767 0.544731 0.544731 2 2 3
0.80018 0.545126 0.545126 2 2 3
0.799594 0.54552 0.54552 2 2 3
0.799008 0.545914 0.545914 2 2 3
0.798423 0.546306 0.546306 2 2 3
0.797839 0.546698 0.546698 2 2 3
0.797256 0.547089 0.547089 2 2 3
0.796673 0.54748 0.54748 2 2 3
0.796092 0.547869 0.547869 2 2 3
0.795511 0.548257 0.548257 2 2 3
0.794931 0.548645 0.548645 2 2 3
0.794351 0.549032 0.549032 2 2 3
0.793773 0.549418 0.549418 2 2 3
0.793195 0.549804 0.549804 2 2 3
0.792618 0.550188 0.550188 2 2 3
0.792041 0.550572 0.550572 2 2 3
0.791466 0.550955 0.550955 2 2 3
0.790891 0.551337 0.551337 2 2 3
0.790317 0.551718 0.551718 2 2 3
0.789743 0.552099 0.552099 2 2 3
0.789171 0.552479 0.552479 2 2 3
0.788599 0.552858 0.552858 2 2 3
0.788028 0.553236 0.553236 2 2 3
0.787457 0.553613 0.553613 2 2 3
0.786888 0.55399 0.55399 2 2 3
0.786319 0.554366 0.554366 2 2 3
0.785751 0.554741 0.554741 2 2 3
0.785183 0.555115 0.555115 2 2 3
0.784617 0.555489 0.555489 2 2 3
0.784051 0.555862 0.555862 2 2 3
0.783485 0.556234 0.556234 2 2 3
0.782921 0.556605 0.556605 2 2 3
0.782357 0.556976 0.556976 2 2 3
0.781794 0.557345 0.557345 2 2 3
0.781232 0.557715 0.557715 2 2 3
0.78067 0.558083 0.558083 2 2 3
0.780109 0.55845 0.55845 2 2 3
0.779549 0.558817 0.558817 2 2 3
0.778989 0.559183 0.559183 2 2 3
0.778431 0.559549 0.559549 2 2 3
0.777873 0.559914 0.559914 2 2 3
0.777315 0.560277 0.560277 2 2 3
0.776759 0.560641 0.560641 2 2 3
0.776203 0.561003 0.561003 2 2 3
0.775647 0.561365 0.561365 2 2 3
0.775093 0.561726 0.561726 2 2 3
0.774539 0.562086 0.562086 2 2 3
0.773986 0.562446 0.562446 2 2 3
0.773434 0.562805 0.562805 2 2 3
0.772882 0.563163 0.563163 2 2 3
0.772331 0.563521 0.563521 2 2 3
0.77178 0.563877 0.563877 2 2 3
0.771231 0.564234 0.564234 2 2 3
0.770682 0.564589 0.564589 2 2 3
0.770133 0.564944 0.564944 2 2 3
0.769586 0.565298 0.565298 2 2 3
0.769039 0.565651 0.565651 2 2 3
0.768492 0.566004 0.566004 2 2 3
0.767947 0.566356 0.566356 2 2 3
0.767402 0.566707 0.566707 2 2 3
0.766858 0.567058 0.567058 2 2 3
0.766314 0.567408 0.567408 2 2 3
0.765771 0.567757 0.567757 2 2 3
0.765229 0.568106 0.568106 2 2 3
0.764687 0.568454 0.568454 2 2 3
0.764147 0.568801 0.568801 2 2 3
0.763606 0.569147 0.569147 2 2 3
0.763067 0.569493 0.569493 2 2 3
0.762528 0.569839 0.569839 2 2 3
0.76199 0.570183 0.570183 2 2 3
0.761452 0.570527 0.570527 2 2 3
0.760915 0.570871 0.570871 2 2 3
0.760379 0.571213 0.571213 2 2 3
0.759843 0.571555 0.571555 2 2 3
0.759308 0.571897 0.571897 2 2 3
0.758774 0.572237 0.572237 2 2 3
0.75824 0.572578 0.572578 2 2 3
0.757707 0.572917 0.572917 2 2 3
0.757175 0.573256 0.573256 2 2 3
0.756643 0.573594 0.573594 2 2 3
0.756112 0.573932 0.573932 2 2 3
0.755581 0.574269 0.574269 2 2 3
0.755051 0.574605 0.574605 2 2 3
0.754522 0.574941 0.574941 2 2 3
0.753994 0.575276 0.575276 2 2 3
0.753466 0.57561 0.57561 2 2 3
0.752938 0.575944 0.575944 2 2 3
0.752412 0.576277 0.576277 2 2 3
0.751886 0.57661 0.57661 2 2 3
0.75136 0.576942 0.576942 2 2 3
0.750836 0.577273 0.577273 2 2 3
0.750311 0.577604 0.577604 2 2 3
0.749788 0.577934 0.577934 2 2 3
0.749265 0.578263 0.578263 2 2 3
0.748743 0.578592 0.578592 2 2 3
0.748221 0.578921 0.578921 2 2 3
0.7477 0.579248 0.579248 2 2 3
0.747179 0.579575 0.579575 2 2 3
0.74666 0.579902 0.579902 2 2 3
0.74614 0.580228 0.580228 2 2 3
0.745622 0.580553 0.580553 2 2 3
0.745104 0.580878 0.580878 2 2 3
0.744586 0.581202 0.581202 2 2 3
0.74407 0.581526 0.581526 2 2 3
0.743553 0.581849 0.581849 2 2 3
0.743038 0.582171 0.582171 2 2 3
0.742523 0.582493 0.582493 2 2 3
0.742008 0.582814 0.582814 2 2 3
0.741495 0.583135 0.583135 2 2 3
0.740982 0.583455 0.583455 2 2 3
0.740469 0.583775 0.583775 2 2 3
0.739957 0.584094 0.584094 2 2 3
0.739446 0.584412 0.584412 2 2 3
0.738935 0.58473 0.58473 2 2 3
0.738425 0.585047 0.585047 2 2 3
0.737915 0.585364 0.585364 2 2 3
0.737406 0.58568 0.58568 2 2 3
0.736897 0.585996 0.585996 2 2 3
0.73639 0.586311 0.586311 2 2 3
0.735882 0.586625 0.586625 2 2 3
0.735376 0.586939 0.586939 2 2 3
0.73487 0.587253 0.587253 2 2 3
0.734364 0.587566 0.587566 2 2 3
0.733859 0.587878 0.587878 2 2 3
0.733355 0.58819 0.58819 2 2 3
0.732851 0.588501 0.588501 2 2 3
0.732348 0.588812 0.588812 2 2 3
0.731845 0.589122 0.589122 2 2 3
0.731343 0.589431 0.589431 2 2 3
0.730841 0.58974 0.58974 2 2 3
0.730341 0.590049 0.590049 2 2 3
0.72984 0.590357 0.590357 2 2 3
0.72934 0.590664 0.590664 2 2 3
0.728841 0.590971 0.590971 2 2 3
0.728342 0.591278 0.591278 2 2 3
0.727844 0.591584 0.591584 2 2 3
0.727347 0.591889 0.591889 2 2 3
0.72685 0.592194 0.592194 2 2 3
0.726353 0.592498 0.592498 2 2 3
0.725858 0.592802 0.592802 2 2 3
0.725362 0.593105 0.593105 2 2 3
0.724867 0.593408 0.593408 2 2 3
0.724373 0.59371 0.59371 2 2 3
0.72388 0.594012 0.594012 2 2 3
0.723387 0.594313 0.594313 2 2 3
0.722894 0.594614 0.594614 2 2 3
0.722402 0.594914 0.594914 2 2 3
0.721911 0.595213 0.595213 2 2 3
0.72142 0.595513 0.595513 2 2 3
0.720929 0.595811 0.595811 2 2 3
0.72044 0.596109 0.596109 2 2 3
0.71995 0.596407 0.596407 2 2 3
0.719462 0.596704 0.596704 2 2 3
0.718973 0.597001 0.597001 2 2 3
0.718486 0.597297 0.597297 2 2 3
0.717999 0.597593 0.597593 2 2 3
0.717512 0.597888 0.597888 2 2 3
0.717026 0.598183 0.598183 2 2 3
0.716541 0.598477 0.598477 2 2 3
0.716056 0.598771 0.598771 2 2 3
0.715571 0.599064 0.599064 2 2 3
0.715087 0.599357 0.599357 2 2 3
0.714604 0.599649 0.599649 2 2 3
0.714121 0.599941 0.599941 2 2 3
0.713639 0.600232 0.600232 2 2 3
0.713157 0.600523 0.600523 2 2 3
0.712676 0.600813 0.600813 2 2 3
0.712195 0.601103 0.601103 2 2 3
0.711715 0.601392 0.601392 2 2 3
0.711235 0.601681 0.601681 2 2 3
0.710756 0.60197 0.60197 2 2 3
0.710277 0.602258 0.602258 2 2 3
0.709799 0.602545 0.602545 2 2 3
0.709321 0.602832 0.602832 2 2 3
0.708844 0.603119 0.603119 2 2 3
0.708368 0.603405 0.603405 2 2 3
0.707892 0.60369 0.60369 2 2 3
0.707416 0.603976 0.603976 2 2 3
0.706941 0.60426 0.60426 2 2 3
0.706467 0.604545 0.604545 2 2 3
0.705993 0.604828 0.604828 2 2 3
0.705519 0.605112 0.605112 2 2 3
0.705046 0.605395 0.605395 2 2 3
0.704574 0.605677 0.605677 2 2 3
0.704102 0.605959 0.605959 2 2 3
0.70363 0.606241 0.606241 2 2 3
0.703159 0.606522 0.606522 2 2 3
0.702689 0.606802 0.606802 2 2 3
0.702219 0.607082 0.607082 2 2 3
0.701749 0.607362 0.607362 2 2 3
0.70128 0.607642 0.607642 2 2 3
0.700812 0.60792 0.60792 2 2 3
0.700344 0.608199 0.608199 2 2 3
0.699876 0.608477 0.608477 2 2 3
0.699409 0.608754 0.608754 2 2 3
0.698943 0.609031 0.609031 2 2 3
0.698477 0.609308 0.609308 2 2 3
0.698011 0.609584 0.609584 2 2 3
0.697546 0.60986 0.60986 2 2 3
0.697082 0.610135 0.610135 2 2 3
0.696618 0.61041 0.61041 2 2 3
0.696154 0.610685 0.610685 2 2 3
0.695691 0.610959 0.610959 2 2 3
0.695228 0.611233 0.611233 2 2 3
0.694766 0.611506 0.611506 2 2 3
0.694305 0.611779 0.611779 2 2 3
0.693844 0.612051 0.612051 2 2 3
0.693383 0.612323 0.612323 2 2 3
0.692923 0.612594 0.612594 2 2 3
0.692463 0.612865 0.612865 2 2 3
0.692004 0.613136 0.613136 2 2 3
0.691545 0.613406 0.613406 2 2 3
0.691087 0.613676 0.613676 2 2 3
0.690629 0.613946 0.613946 2 2 3
0.690172 0.614215 0.614215 2 2 3
0.689715 0.614483 0.614483 2 2 3
0.689258 0.614751 0.614751 2 2 3
0.688803 0.615019 0.615019 2 2 3
0.688347 0.615287 0.615287 2 2 3
0.687892 0.615554 0.615554 2 2 3
0.687438 0.61582 0.61582 2 2 3
0.686984 0.616086 0.616086 2 2 3
0.68653 0.616352 0.616352 2 2 3
0.686077 0.616617 0.616617 2 2 3
0.685624 0.616882 0.616882 2 2 3
0.685172 0.617147 0.617147 2 2 3
0.684721 0.617411 0.617411 2 2 3
0.684269 0.617675 0.617675 2 2 3
0.683819 0.617938 0.617938 2 2 3
0.683368 0.618201 0.618201 2 2 3
0.682918 0.618464 0.618464 2 2 3
0.682469 0.618726 0.618726 2 2 3
0.68202 0.618988 0.618988 2 2 3
0.681572 0.619249 0.619249 2 2 3
0.681124 0.61951 0.61951 2 2 3
0.680676 0.619771 0.619771 2 2 3
0.680229 0.620031 0.620031 2 2 3
0.679782 0.620291 0.620291 2 2 3
0.679336 0.62055 0.62055 2 2 3
0.67889 0.620809 0.620809 2 2 3
0.678445 0.621068 0.621068 2 2 3
0.678 0.621326 0.621326 2 2 3
0.677556 0.621584 0.621584 2 2 3
0.677112 0.621841 0.621841 2 2 3
0.676668 0.622099 0.622099 2 2 3
0.676225 0.622355 0.622355 2 2 3
0.675782 0.622612 0.622612 2 2 3
0.67534 0.622868 0.622868 2 2 3
0.674898 0.623123 0.623123 2 2 3
0.674457 0.623379 0.623379 2 2 3
0.674016 0.623633 0.623633 2 2 3
0.673576 0.623888 0.623888 2 2 3
0.673136 0.624142 0.624142 2 2 3
0.672696 0.624396 0.624396 2 2 3
0.672257 0.624649 0.624649 2 2 3
0.671819 0.624902 0.624902 2 2 3
0.67138 0.625155 0.625155 2 2 3
0.670943 0.625407 0.625407 2 2 3
0.670505 0.625659 0.625659 2 2 3
0.670068 0.625911 0.625911 2 2 3
0.669632 0.626162 0.626162 2 2 3
0.669196 0.626413 0.626413 2 2 3
0.66876 0.626663 0.626663 2 2 3
0.668325 0.626913 0.626913 2 2 3
0.66789 0.627163 0.627163 2 2 3
0.667456 0.627413 0.627413 2 2 3
0.667022 0.627662 0.627662 2 2 3
0.666588 0.62791 0.62791 2 2 3
0.666155 0.628159 0.628159 2 2 3
0.665722 0.628407 0.628407 2 2 3
0.66529 0.628654 0.628654 2 2 3
0.664858 0.628901 0.628901 2 2 3
0.664427 0.629148 0.629148 2 2 3
0.663996 0.629395 0.629395 2 2 3
0.663566 0.629641 0.629641 2 2 3
0.663135 0.629887 0.629887 2 2 3
0.662706 0.630133 0.630133 2 2 3
0.662276 0.630378 0.630378 2 2 3
0.661848 0.630623 0.630623 2 2 3
0.661419 0.630867 0.630867 2 2 3
0.660991 0.631111 0.631111 2 2 3
0.660564 0.631355 0.631355 2 2 3
0.660136 0.631598 0.631598 2 2 3
0.65971 0.631842 0.631842 2 2 3
0.659283 0.632084 0.632084 2 2 3
0.658857 0.632327 0.632327 2 2 3
0.658432 0.632569 0.632569 2 2 3
0.658006 0.632811 0.632811 2 2 3
0.657582 0.633052 0.633052 2 2 3
0.657157 0.633293 0.633293 2 2 3
0.656733 0.633534 0.633534 2 2 3
0.65631 0.633774 0.633774 2 2 3
0.655887 0.634014 0.634014 2 2 3
0.655464 0.634254 0.634254 2 2 3
0.655042 0.634494 0.634494 2 2 3
0.65462 0.634733 0.634733 2 2 3
0.654198 0.634972 0.634972 2 2 3
0.653777 0.63521 0.63521 2 2 3
0.653357 0.635448 0.635448 2 2 3
0.652936 0.635686 0.635686 2 2 3
0.652517 0.635923 0.635923 2 2 3
0.652097 0.63616 0.63616 2 2 3
0.651678 0.636397 0.636397 2 2 3
0.651259 0.636634 0.636634 2 2 3
0.650841 0.63687 0.63687 2 2 3
0.650423 0.637106 0.637106 2 2 3
0.650006 0.637341 0.637341 2 2 3
0.649588 0.637577 0.637577 2 2 3
0.649172 0.637811 0.637811 2 2 3
0.648755 0.638046 0.638046 2 2 3
0.64834 0.63828 0.63828 2 2 3
0.647924 0.638514 0.638514 2 2 3
0.647509 0.638748 0.638748 2 2 3
0.647094 0.638981 0.638981 2 2 3
0.64668 0.639214 0.639214 2 2 3
0.646266 0.639447 0.639447 2 2 3
0.645852 0.639679 0.639679 2 2 3
0.645439 0.639911 0.639911 2 2 3
0.645026 0.640143 0.640143 2 2 3
0.644614 0.640374 0.640374 2 2 3
0.644202 0.640606 0.640606 2 2 3
0.64379 0.640836 0.640836 2 2 3
0.643379 0.641067 0.641067 2 2 3
0.642968 0.641297 0.641297 2 2 3
0.642557 0.641527 0.641527 2 2 3
0.642147 0.641757 0.641757 2 2 3
0.641737 0.641986 0.641986 2 2 3
0.641328 0.642215 0.642215 2 2 3
0.640919 0.642444 0.642444 2 2 3
0.64051 0.642672 0.642672 2 2 3
0.640102 0.6429 0.6429 2 2 3
0.639694 0.643128 0.643128 2 2 3
0.639287 0.643355 0.643355 2 2 3
0.63888 0.643582 0.643582 2 2 3
0.638473 0.643809 0.643809 2 2 3
0.638067 0.644036 0.644036 2 2 3
0.637661 0.644262 0.644262 2 2 3
0.637255 0.644488 0.644488 2 2 3
0.63685 0.644714 0.644714 2 2 3
0.636445 0.644939 0.644939 2 2 3
0.636041 0.645165 0.645165 2 2 3
0.635636 0.645389 0.645389 2 2 3
0.635233 0.645614 0.645614 2 2 3
0.634829 0.645838 0.645838 2 2 3
0.634426 0.646062 0.646062 2 2 3
0.634024 0.646286 0.646286 2 2 3
0.633621 0.646509 0.646509 2 2 3
0.633219 0.646732 0.646732 2 2 3
0.632818 0.646955 0.646955 2 2 3
0.632417 0.647178 0.647178 2 2 3
0.632016 0.6474 0.6474 2 2 3
0.631615 0.647622 0.647622 2 2 3
0.631215 0.647843 0.647843 2 2 3
0.630816 0.648065 0.648065 2 2 3
0.630416 0.648286 0.648286 2 2 3
0.630017 0.648507 0.648507 2 2 3
0.629619 0.648727 0.648727 2 2 3
0.62922 0.648947 0.648947 2 2 3
0.628822 0.649167 0.649167 2 2 3
0.628425 0.649387 0.649387 2 2 3
0.628028 0.649607 0.649607 2 2 3
0.627631 0.649826 0.649826 2 2 3
0.627234 0.650045 0.650045 2 2 3
0.626838 0.650263 0.650263 2 2 3
0.626442 0.650481 0.650481 2 2 3
0.626047 0.650699 0.650699 2 2 3
0.625652 0.650917 0.650917 2 2 3
0.625257 0.651135 0.651135 2 2 3
0.624863 0.651352 0.651352 2 2 3
0.624469 0.651569 0.651569 2 2 3
0.624075 0.651786 0.651786 2 2 3
0.623682 0.652002 0.652002 2 2 3
0.623289 0.652218 0.652218 2 2 3
0.622896 0.652434 0.652434 2 2 3
0.622504 0.65265 0.65265 2 2 3
0.622112 0.652865 0.652865 2 2 3
0.62172 0.65308 0.65308 2 2 3
0.621329 0.653295 0.653295 2 2 3
0.620938 0.653509 0.653509 2 2 3
0.620548 0.653723 0.653723 2 2 3
0.620158 0.653937 0.653937 2 2 3
0.619768 0.654151 0.654151 2 2 3
0.619378 0.654365 0.654365 2 2 3
0.618989 0.654578 0.654578 2 2 3
0.6186 0.654791 0.654791 2 2 3
0.618212 0.655004 0.655004 2 2 3
0.617824 0.655216 0.655216 2 2 3
0.617436 0.655428 0.655428 2 2 3
0.617048 0.65564 0.65564 2 2 3
0.616661 0.655852 0.655852 2 2 3
0.616274 0.656063 0.656063 2 2 3
0.615888 0.656274 0.656274 2 2 3
0.615502 0.656485 0.656485 2 2 3
0.615116 0.656696 0.656696 2 2 3
0.614731 0.656906 0.656906 2 2 3
0.614346 0.657116 0.657116 2 2 3
0.613961 0.657326 0.657326 2 2 3
0.613576 0.657536 0.657536 2 2 3
0.613192 0.657745 0.657745 2 2 3
0.612809 0.657954 0.657954 2 2 3
0.612425 0.658163 0.658163 2 2 3
0.612042 0.658371 0.658371 2 2 3
0.611659 0.65858 0.65858 2 2 3
0.611277 0.658788 0.658788 2 2 3
0.610895 0.658996 0.658996 2 2 3
0.610513 0.659203 0.659203 2 2 3
0.610132 0.659411 0.659411 2 2 3
0.60975 0.659618 0.659618 2 2 3
0.60937 0.659825 0.659825 2 2 3
0.608989 0.660031 0.660031 2 2 3
0.608609 0.660238 0.660238 2 2 3
0.608229 0.660444 0.660444 2 2 3
0.60785 0.66065 0.66065 2 2 3
0.607471 0.660855 0.660855 2 2 3
0.607092 0.661061 0.661061 2 2 3
0.606713 0.661266 0.661266 2 2 3
0.606335 0.661471 0.661471 2 2 3
0.605957 0.661675 0.661675 2 2 3
0.60558 0.66188 0.66188 2 2 3
0.605203 0.662084 0.662084 2 2 3
0.604826 0.662288 0.662288 2 2 3
0.604449 0.662492 0.662492 2 2 3
0.604073 0.662695 0.662695 2 2 3
0.603697 0.662898 0.662898 2 2 3
0.603321 0.663101 0.663101 2 2 3
0.602946 0.663304 0.663304 2 2 3
0.602571 0.663506 0.663506 2 2 3
0.602196 0.663709 0.663709 2 2 3
0.601822 0.663911 0.663911 2 2 3
0.601448 0.664113 0.664113 2 2 3
0.601074 0.664314 0.664314 2 2 3
0.600701 0.664516 0.664516 2 2 3
0.600328 0.664717 0.664717 2 2 3
0.599955 0.664917 0.664917 2 2 3
0.599583 0.665118 0.665118 2 2 3
0.599211 0.665319 0.665319 2 2 3
0.598839 0.665519 0.665519 2 2 3
0.598467 0.665719 0.665719 2 2 3
0.598096 0.665918 0.665918 2 2 3
0.597725 0.666118 0.666118 2 2 3
0.597355 0.666317 0.666317 2 2 3
0.596984 0.666516 0.666516 2 2 3
0.596614 0.666715 0.666715 2 2 3
0.596245 0.666914 0.666914 2 2 3
0.595875 0.667112 0.667112 2 2 3
0.595506 0.66731 0.66731 2 2 3
0.595138 0.667508 0.667508 2 2 3
0.594769 0.667706 0.667706 2 2 3
0.594401 0.667903 0.667903 2 2 3
0.594033 0.668101 0.668101 2 2 3
0.593666 0.668298 0.668298 2 2 3
0.593299 0.668494 0.668494 2 2 3
0.592932 0.668691 0.668691 2 2 3
0.592565 0.668887 0.668887 2 2 3
0.592199 0.669083 0.669083 2 2 3
0.591833 0.669279 0.669279 2 2 3
0.591467 0.669475 0.669475 2 2 3
0.591102 0.669671 0.669671 2 2 3
0.590737 0.669866 0.669866 2 2 3
0.590372 0.670061 0.670061 2 2 3
0.590007 0.670256 0.670256 2 2 3
0.589643 0.67045 0.67045 2 2 3
0.589279 0.670645 0.670645 2 2 3
0.588916 0.670839 0.670839 2 2 3
0.588552 0.671033 0.671033 2 2 3
0.588189 0.671227 0.671227 2 2 3
0.587827 0.67142 0.67142 2 2 3
0.587464 0.671613 0.671613 2 2 3
0.587102 0.671807 0.671807 2 2 3
0.58674 0.671999 0.671999 2 2 3
0.586379 0.672192 0.672192 2 2 3
0.586018 0.672385 0.672385 2 2 3
0.585657 0.672577 0.672577 2 2 3
0.585296 0.672769 0.672769 2 2 3
0.584936 0.672961 0.672961 2 2 3
0.584576 0.673152 0.673152 2 2 3
0.584216 0.673344 0.673344 2 2 3
0.583857 0.673535 0.673535 2 2 3
0.583497 0.673726 0.673726 2 2 3
0.583138 0.673917 0.673917 2 2 3
0.58278 0.674107 0.674107 2 2 3
0.582422 0.674298 0.674298 2 2 3
0.582064 0.674488 0.674488 2 2 3
0.581706 0.674678 0.674678 2 2 3
0.581348 0.674868 0.674868 2 2 3
0.580991 0.675057 0.675057 2 2 3
0.580634 0.675247 0.675247 2 2 3
0.580278 0.675436 0.675436 2 2 3
0.579921 0.675625 0.675625 2 2 3
0.579565 0.675814 0.675814 2 2 3
0.57921 0.676002 0.676002 2 2 3
0.578854 0.67619 0.67619 2 2 3
0.578499 0.676379 0.676379 2 2 3
0.578144 0.676567 0.676567 2 2 3
0.57779 0.676754 0.676754 2 2 3
0.577435 0.676942 0.676942 2 2 3
0.577081 0.677129 0.677129 2 2 3
0.576728 0.677316 0.677316 2 2 3
0.576374 0.677503 0.677503 2 2 3
0.576021 0.67769 0.67769 2 2 3
0.575668 0.677877 0.677877 2 2 3
0.575315 0.678063 0.678063 2 2 3
0.574963 0.678249 0.678249 2 2 3
0.574611 0.678435 0.678435 2 2 3
0.574259 0.678621 0.678621 2 2 3
0.573908 0.678807 0.678807 2 2 3
0.573556 0.678992 0.678992 2 2 3
0.573205 0.679177 0.679177 2 2 3
0.572855 0.679362 0.679362 2 2 3
0.572504 0.679547 0.679547 2 2 3
0.572154 0.679732 0.679732 2 2 3
0.571804 0.679916 0.679916 2 2 3
0.571455 0.6801 0.6801 2 2 3
0.571106 0.680284 0.680284 2 2 3
0.570756 0.680468 0.680468 2 2 3
0.570408 0.680652 0.680652 2 2 3
0.570059 0.680835 0.680835 2 2 3
0.569711 0.681019 0.681019 2 2 3
0.569363 0.681202 0.681202 2 2 3
0.569015 0.681385 0.681385 2 2 3
0.568668 0.681567 0.681567 2 2 3
0.568321 0.68175 0.68175 2 2 3
0.567974 0.681932 0.681932 2 2 3
0.567627 0.682114 0.682114 2 2 3
0.567281 0.682296 0.682296 2 2 3
0.566935 0.682478 0.682478 2 2 3
0.566589 0.68266 0.68266 2 2 3
0.566244 0.682841 0.682841 2 2 3
0.565898 0.683022 0.683022 2 2 3
0.565553 0.683203 0.683203 2 2 3
0.565209 0.683384 0.683384 2 2 3
0.564864 0.683565 0.683565 2 2 3
0.56452 0.683745 0.683745 2 2 3
0.564176 0.683926 0.683926 2 2 3
0.563832 0.684106 0.684106 2 2 3
0.563489 0.684286 0.684286 2 2 3
0.563146 0.684465 0.684465 2 2 3
0.562803 0.684645 0.684645 2 2 3
0.56246 0.684824 0.684824 2 2 3
0.562118 0.685004 0.685004 2 2 3
0.561776 0.685183 0.685183 2 2 3
0.561434 0.685362 0.685362 2 2 3
0.561093 0.68554 0.68554 2 2 3
0.560751 0.685719 0.685719 2 2 3
0.56041 0.685897 0.685897 2 2 3
0.560069 0.686075 0.686075 2 2 3
0.559729 0.686253 0.686253 2 2 3
0.559389 0.686431 0.686431 2 2 3
0.559049 0.686609 0.686609 2 2 3
0.558709 0.686786 0.686786 2 2 3
0.558369 0.686963 0.686963 2 2 3
0.55803 0.687141 0.687141 2 2 3
0.557691 0.687318 0.687318 2 2 3
0.557352 0.687494 0.687494 2 2 3
0.557014 0.687671 0.687671 2 2 3
0.556676 0.687847 0.687847 2 2 3
0.556338 0.688024 0.688024 2 2 3
0.556 0.6882 0.6882 2 2 3
0.555663 0.688375 0.688375 2 2 3
0.555325 0.688551 0.688551 2 2 3
0.554989 0.688727 0.688727 2 2 3
0.554652 0.688902 0.688902 2 2 3
0.554315 0.689077 0.689077 2 2 3
0.553979 0.689252 0.689252 2 2 3
0.553643 0.689427 0.689427 2 2 3
0.553308 0.689602 0.689602 2 2 3
0.552972 0.689777 0.689777 2 2 3
0.552637 0.689951 0.689951 2 2 3
0.552302 0.690125 0.690125 2 2 3
0.551967 0.690299 0.690299 2 2 3
0.551633 0.690473 0.690473 2 2 3
0.551299 0.690647 0.690647 2 2 3
0.550965 0.69082 0.69082 2 2 3
0.550631 0.690994 0.690994 2 2 3
0.550298 0.691167 0.691167 2 2 3
0.549964 0.69134 0.69134 2 2 3
0.549631 0.691513 0.691513 2 2 3
0.549299 0.691685 0.691685 2 2 3
0.548966 0.691858 0.691858 2 2 3
0.548634 0.69203 0.69203 2 2 3
0.548302 0.692203 0.692203 2 2 3
0.54797 0.692375 0.692375 2 2 3
0.547639 0.692547 0.692547 2 2 3
0.547308 0.692718 0.692718 2 2 3
0.546977 0.69289 0.69289 2 2 3
0.546646 0.693061 0.693061 2 2 3
0.546315 0.693233 0.693233 2 2 3
0.545985 0.693404 0.693404 2 2 3
0.545655 0.693575 0.693575 2 2 3
0.545325 0.693745 0.693745 2 2 3
0.544996 0.693916 0.693916 2 2 3
0.544666 0.694086 0.694086 2 2 3
0.544337 0.694257 0.694257 2 2 3
0.544009 0.694427 0.694427 2 2 3
0.54368 0.694597 0.694597 2 2 3
0.543352 0.694767 0.694767 2 2 3
0.543023 0.694936 0.694936 2 2 3
0.542696 0.695106 0.695106 2 2 3
0.542368 0.695275 0.695275 2 2 3
0.542041 0.695444 0.695444 2 2 3
0.541713 0.695613 0.695613 2 2 3
0.541386 0.695782 0.695782 2 2 3
0.54106 0.695951 0.695951 2 2 3
0.540733 0.69612 0.69612 2 2 3
0.540407 0.696288 0.696288 2 2 3
0.540081 0.696456 0.696456 2 2 3
0.539755 0.696624 0.696624 2 2 3
0.53943 0.696792 0.696792 2 2 3
0.539104 0.69696 0.69696 2 2 3
0.538779 0.697128 0.697128 2 2 3
0.538455 0.697295 0.697295 2 2 3
0.53813 0.697463 0.697463 2 2 3
0.537806 0.69763 0.69763 2 2 3
0.537482 0.697797 0.697797 2 2 3
0.537158 0.697964 0.697964 2 2 3
0.536834 0.698131 0.698131 2 2 3
0.536511 0.698297 0.698297 2 2 3
0.536187 0.698464 0.698464 2 2 3
0.535864 0.69863 0.69863 2 2 3
0.535542 0.698796 0.698796 2 2 3
0.535219 0.698962 0.698962 2 2 3
0.534897 0.699128 0.699128 2 2 3
0.534575 0.699294 0.699294 2 2 3
0.534253 0.699459 0.699459 2 2 3
0.533931 0.699625 0.699625 2 2 3
0.53361 0.69979 0.69979 2 2 3
0.533289 0.699955 0.699955 2 2 3
0.532968 0.70012 0.70012 2 2 3
0.532647 0.700285 0.700285 2 2 3
0.532327 0.70045 0.70045 2 2 3
0.532006 0.700614 0.700614 2 2 3
0.531686 0.700779 0.700779 2 2 3
0.531367 0.700943 0.700943 2 2 3
0.531047 0.701107 0.701107 2 2 3
0.530728 0.701271 0.701271 2 2 3
0.530409 0.701435 0.701435 2 2 3
0.53009 0.701599 0.701599 2 2 3
0.529771 0.701762 0.701762 2 2 3
0.529452 0.701926 0.701926 2 2 3
0.529134 0.702089 0.702089 2 2 3
0.528816 0.702252 0.702252 2 2 3
0.528498 0.702415 0.702415 2 2 3
0.528181 0.702578 0.702578 2 2 3
0.527863 0.70274 0.70274 2 2 3
0.527546 0.702903 0.702903 2 2 3
0.527229 0.703065 0.703065 2 2 3
0.526913 0.703228 0.703228 2 2 3
0.526596 0.70339 0.70339 2 2 3
0.52628 0.703552 0.703552 2 2 3
0.525964 0.703714 0.703714 2 2 3
0.525648 0.703876 0.703876 2 2 3
0.525332 0.704037 0.704037 2 2 3
0.525017 0.704199 0.704199 2 2 3
0.524702 0.70436 0.70436 2 2 3
0.524387 0.704521 0.704521 2 2 3
0.524072 0.704682 0.704682 2 2 3
0.523758 0.704843 0.704843 2 2 3
0.523443 0.705004 0.705004 2 2 3
0.523129 0.705165 0.705165 2 2 3
0.522815 0.705325 0.705325 2 2 3
0.522502 0.705485 0.705485 2 2 3
0.522188 0.705646 0.705646 2 2 3
0.521875 0.705806 0.705806 2 2 3
0.521562 0.705966 0.705966 2 2 3
0.521249 0.706126 0.706126 2 2 3
0.520936 0.706285 0.706285 2 2 3
0.520624 0.706445 0.706445 2 2 3
0.520312 0.706604 0.706604 2 2 3
0.52 0.706764 0.706764 2 2 3
0.519688 0.706923 0.706923 2 2 3
0.519376 0.707082 0.707082 2 2 3
0.519065 0.707241 0.707241 2 2 3
0.518754 0.7074 0.7074 2 2 3
0.518443 0.707558 0.707558 2 2 3
0.518132 0.707717 0.707717 2 2 3
0.517822 0.707875 0.707875 2 2 3
0.517511 0.708033 0.708033 2 2 3
0.517201 0.708192 0.708192 2 2 3
0.516891 0.70835 0.70835 2 2 3
0.516582 0.708508 0.708508 2 2 3
0.516427 0.708586 0.708586 2 2 3
0.516418 0.708591 0.708591 2 2 3
0.516427 0.708616 0.708616 2 2 3
1.08639 0.3 0.3 2 2 3
1.08649 0.299896 0.299896 2 2 3
1.08658 0.299791 0.299791 2 2 3
1.08677 0.299582 0.299582 2 2 3
1.08714 0.299164 0.299164 2 2 3
1.08789 0.298325 0.298325 2 2 3
1.08906 0.29701 0.29701 2 2 3
1.09024 0.295684 0.295684 2 2 3
1.09142 0.29435 0.29435 2 2 3
1.09261 0.293007 0.293007 2 2 3
1.0938 0.291656 0.291656 2 2 3
1.09499 0.290297 0.290297 2 2 3
1.09619 0.28893 0.28893 2 2 3
1.09739 0.287555 0.287555 2 2 3
1.09859 0.286171 0.286171 2 2 3
1.0998 0.284779 0.284779 2 2 3
1.10101 0.283378 0.283378 2 2 3
1.10223 0.281968 0.281968 2 2 3
1.10345 0.28055 0.28055 2 2 3
1.10467 0.279123 0.279123 2 2 3
1.1059 0.277687 0.277687 2 2 3
1.10713 0.276242 0.276242 2 2 3
1.10836 0.274787 0.274787 2 2 3
1.1096 0.273324 0.273324 2 2 3
1.11085 0.271851 0.271851 2 2 3
1.1121 0.270368 0.270368 2 2 3
1.11335 0.268876 0.268876 2 2 3
1.11461 0.267374 0.267374 2 2 3
1.11587 0.265862 0.265862 2 2 3
1.11713 0.26434 0.26434 2 2 3
1.1184 0.262808 0.262808 2 2 3
1.11967 0.261266 0.261266 2 2 3
1.12095 0.259713 0.259713 2 2 3
1.12223 0.25815 0.25815 2 2 3
1.12352 0.256576 0.256576 2 2 3
1.12481 0.254992 0.254992 2 2 3
1.12611 0.253397 0.253397 2 2 3
1.12741 0.25179 0.25179 2 2 3
1.12871 0.250172 0.250172 2 2 3
1.13002 0.248544 0.248544 2 2 3
1.13134 0.246903 0.246903 2 2 3
1.13265 0.245251 0.245251 2 2 3
1.13398 0.243587 0.243587 2 2 3
1.13531 0.241912 0.241912 2 2 3
1.13664 0.240224 0.240224 2 2 3
1.13798 0.238524 0.238524 2 2 3
1.13932 0.236811 0.236811 2 2 3
1.14067 0.235086 0.235086 2 2 3
1.14202 0.233348 0.233348 2 2 3
1.14338 0.231597 0.231597 2 2 3
1.14474 0.229833 0.229833 2 2 3
1.14611 0.228056 0.228056 2 2 3
1.14748 0.226265 0.226265 2 2 3
1.14886 0.224461 0.224461 2 2 3
1.15024 0.222643 0.222643 2 2 3
1.15163 0.220811 0.220811 2 2 3
1.15302 0.218964 0.218964 2 2 3
1.15442 0.217103 0.217103 2 2 3
1.15583 0.215227 0.215227 2 2 3
1.15724 0.213336 0.213336 2 2 3
1.15866 0.211431 0.211431 2 2 3
1.16008 0.209509 0.209509 2 2 3
1.1615 0.207573 0.207573 2 2 3
1.16294 0.20562 0.20562 2 2 3
1.16437 0.203652 0.203652 2 2 3
1.16582 0.201667 0.201667 2 2 3
1.16727 0.199665 0.199665 2 2 3
1.16872 0.197647 0.197647 2 2 3
1.17019 0.195611 0.195611 2 2 3
1.17165 0.193559 0.193559 2 2 3
1.17313 0.191488 0.191488 2 2 3
1.17461 0.1894 0.1894 2 2 3
1.17609 0.187293 0.187293 2 2 3
1.17759 0.185168 0.185168 2 2 3
1.17909 0.183025 0.183025 2 2 3
1.18059 0.180862 0.180862 2 2 3
1.1821 0.178679 0.178679 2 2 3
1.18362 0.176477 0.176477 2 2 3
1.18515 0.174255 0.174255 2 2 3
1.18668 0.172013 0.172013 2 2 3
1.18822 0.169749 0.169749 2 2 3
1.18976 0.167465 0.167465 2 2 3
1.19131 0.165159 0.165159 2 2 3
1.19287 0.162831 0.162831 2 2 3
1.19444 0.16048 0.16048 2 2 3
1.19601 0.158107 0.158107 2 2 3
1.19759 0.155711 0.155711 2 2 3
1.19918 0.153292 0.153292 2 2 3
1.20077 0.150848 0.150848 2 2 3
1.20237 0.14838 0.14838 2 2 3
1.20398 0.145887 0.145887 2 2 3
1.2056 0.143369 0.143369 2 2 3
1.20722 0.140825 0.140825 2 2 3
1.20885 0.138255 0.138255 2 2 3
1.21049 0.135658 0.135658 2 2 3
1.21214 0.133033 0.133033 2 2 3
1.2138 0.130381 0.130381 2 2 3
1.21546 0.1277 0.1277 2 2 3
1.21713 0.12499 0.12499 2 2 3
1.21881 0.122251 0.122251 2 2 3
1.2205 0.119481 0.119481 2 2 3
1.2222 0.11668 0.11668 2 2 3
1.2239 0.113848 0.113848 2 2 3
1.22562 0.110984 0.110984 2 2 3
1.22734 0.108086 0.108086 2 2 3
1.22907 0.105155 0.105155 2 2 3
1.23081 0.10219 0.10219 2 2 3
1.23256 0.0991895 0.0991895 2 2 3
1.23432 0.096153 0.096153 2 2 3
1.23609 0.0930797 0.0930797 2 2 3
1.23787 0.0899689 0.0899689 2 2 3
1.23966 0.0868195 0.0868195 2 2 3
1.24146 0.0836307 0.0836307 2 2 3
1.24327 0.0804016 0.0804016 2 2 3
1.24508 0.0771311 0.0771311 2 2 3
1.24691 0.0738182 0.0738182 2 2 3
1.24875 0.0704619 0.0704619 2 2 3
1.2506 0.067061 0.067061 2 2 3
1.25246 0.0636145 0.0636145 2 2 3
1.25433 0.060121 0.060121 2 2 3
1.25621 0.0565795 0.0565795 2 2 3
1.2581 0.0529885 0.0529885 2 2 3
1.26001 0.0493468 0.0493468 2 2 3
1.26193 0.045653 0.045653 2 2 3
1.26385 0.0419055 0.0419055 2 2 3
1.26579 0.0381028 0.0381028 2 2 3
1.26774 0.0342434 0.0342434 2 2 3
1.26971 0.0303255 0.0303255 2 2 3
1.27169 0.0263475 0.0263475 2 2 3
1.27368 0.0223074 0.0223074 2 2 3
1.27568 0.0182033 0.0182033 2 2 3
1.2777 0.0140333 0.0140333 2 2 3
1.27973 0.00979511 0.00979511 2 2 3
1.28177 0.00548661 0.00548661 2 2 3
1.28383 0.00110537 0.00110537 2 2 3
1.2859 -0.00335105 -0.00335105 2 2 3
1.28799 -0.00788531 -0.00788531 2 2 3
1.2901 -0.0125002 -0.0125002 2 2 3
1.29222 -0.0171986 -0.0171986 2 2 3
1.29435 -0.0219837 -0.0219837 2 2 3
1.2965 -0.0268587 -0.0268587 2 2 3
1.29867 -0.0318272 -0.0318272 2 2 3
1.30086 -0.036893 -0.036893 2 2 3
1.30306 -0.0420599 -0.0420599 2 2 3
1.30528 -0.0473324 -0.0473324 2 2 3
1.30753 -0.0527148 -0.0527148 2 2 3
1.30979 -0.0582123 -0.0582123 2 2 3
1.31207 -0.0638298 -0.0638298 2 2 3
1.31437 -0.0695733 -0.0695733 2 2 3
1.3167 -0.0754487 -0.0754487 2 2 3
1.31904 -0.0814627 -0.0814627 2 2 3
1.32144 -0.0877688 -0.0877688 2 2 3
1.32383 -0.09409 -0.09409 2 2 3
1.32625 -0.100574 -0.100574 2 2 3
1.3287 -0.10723 -0.10723 2 2 3
1.33118 -0.114069 -0.114069 2 2 3
1.33368 -0.121102 -0.121102 2 2 3
1.33622 -0.128342 -0.128342 2 2 3
1.33879 -0.135803 -0.135803 2 2 3
1.34139 -0.1435 -0.1435 2 2 3
1.34404 -0.151452 -0.151452 2 2 3
1.34672 -0.159679 -0.159679 2 2 3
1.34944 -0.168203 -0.168203 2 2 3
1.35221 -0.177051 -0.177051 2 2 3
1.35503 -0.186253 -0.186253 2 2 3
1.35791 -0.195844 -0.195844 2 2 3
1.36084 -0.205867 -0.205867 2 2 3
1.36384 -0.216371 -0.216371 2 2 3
1.36692 -0.227415 -0.227415 2 2 3
1.37008 -0.239075 -0.239075 2 2 3
1.37333 -0.25144 -0.25144 2 2 3
1.3767 -0.264629 -0.264629 2 2 3
1.38019 -0.278795 -0.278795 2 2 3
1.38385 -0.294145 -0.294145 2 2 3
1.3877 -0.310969 -0.310969 2 2 3
1.3918 -0.329703 -0.329703 2 2 3
1.39625 -0.35104 -0.35104 2 2 3
1.40121 -0.376228 -0.376228 2 2 3
1.40705 -0.408139 -0.408139 2 2 3
1.41501 -0.456251 -0.456251 2 2 3
1.42435 -0.521582 -0.521582 2 2 3
1.42599 -0.534305 -0.534305 2 2 3
1.42656 -0.538862 -0.538862 2 2 3
1.42708 -0.54308 -0.54308 2 2 3
1.42774 -0.548393 -0.548393 2 2 3
1.42854 -0.555025 -0.555025 2 2 3
1.42951 -0.563222 -0.563222 2 2 3
1.43068 -0.573329 -0.573329 2 2 3
1.43208 -0.585799 -0.585799 2 2 3
1.43375 -0.601228 -0.601228 2 2 3
1.43573 -0.620396 -0.620396 2 2 3
1.43806 -0.644341 -0.644341 2 2 3
1.44077 -0.674472 -0.674472 2 2 3
1.44391 -0.712748 -0.712748 2 2 3
1.4464 -0.746554 -0.746554 2 2 3
1.44847 -0.77751 -0.77751 2 2 3
1.45025 -0.80655 -0.80655 2 2 3
1.45181 -0.834225 -0.834225 2 2 3
1.45319 -0.860903 -0.860903 2 2 3
1.45442 -0.886847 -0.886847 2 2 3
1.45553 -0.912253 -0.912253 2 2 3
