0.659743 0 0 2 2 3
0.659704 8.40215e-05 8.40215e-05 2 2 3
0.659704 8.40812e-05 8.40812e-05 2 2 3
0.659704 8.42007e-05 8.42007e-05 2 2 3
0.659704 8.44383e-05 8.44383e-05 2 2 3
0.659704 8.45615e-05 8.45615e-05 2 2 3
0.659704 8.46198e-05 8.46198e-05 2 2 3
0.659704 8.5052e-05 8.5052e-05 2 2 3
0.659743 0 0 2 2 3
0.659704 8.40215e-05 8.40215e-05 2 2 3
0.659704 8.40812e-05 8.40812e-05 2 2 3
0.659704 8.42007e-05 8.42007e-05 2 2 3
0.659704 8.44383e-05 8.44383e-05 2 2 3
0.659704 8.45615e-05 8.45615e-05 2 2 3
0.659704 8.46198e-05 8.46198e-05 2 2 3
0.659704 8.5052e-05 8.5052e-05 2 2 3
0.659743 0 0 2 2 3
0.659701 9.03955e-05 9.03955e-05 2 2 3
0.659701 6.9279e-05 6.9279e-05 2 2 3
0.659743 0 0 2 2 3
0.659659 0.00018045 0.00018045 2 2 3
0.659691 0.000109409 0.000109409 2 2 3
0.659677 0.000134995 0.000134995 2 2 3
0.659649 0.000186076 0.000186076 2 2 3
0.659593 0.000288481 0.000288481 2 2 3
0.659507 0.000447522 0.000447522 2 2 3
0.659421 0.000607047 0.000607047 2 2 3
0.659334 0.000766702 0.000766702 2 2 3
0.659247 0.000926495 0.000926495 2 2 3
0.65916 0.00108641 0.00108641 2 2 3
0.659073 0.00124645 0.00124645 2 2 3
0.658986 0.0014066 0.0014066 2 2 3
0.658899 0.00156688 0.00156688 2 2 3
0.658812 0.00172727 0.00172727 2 2 3
0.658724 0.00188779 0.00188779 2 2 3
0.658637 0.00204845 0.00204845 2 2 3
0.658549 0.00220928 0.00220928 2 2 3
0.658461 0.00237019 0.00237019 2 2 3
0.658374 0.00253124 0.00253124 2 2 3
0.658286 0.00269244 0.00269244 2 2 3
0.658198 0.00285374 0.00285374 2 2 3
0.65811 0.00301517 0.00301517 2 2 3
0.658021 0.00317676 0.00317676 2 2 3
0.657933 0.00333845 0.00333845 2 2 3
0.657844 0.00350027 0.00350027 2 2 3
0.657756 0.00366227 0.00366227 2 2 3
0.657667 0.00382422 0.00382422 2 2 3
0.657579 0.00398622 0.00398622 2 2 3
0.65749 0.00414849 0.00414849 2 2 3
0.657401 0.00431084 0.00431084 2 2 3
0.657312 0.00447332 0.00447332 2 2 3
0.657223 0.00463592 0.00463592 2 2 3
0.657133 0.00479874 0.00479874 2 2 3
0.657044 0.00496171 0.00496171 2 2 3
0.656955 0.00512484 0.00512484 2 2 3
0.656865 0.00528799 0.00528799 2 2 3
0.656775 0.00545129 0.00545129 2 2 3
0.656686 0.00561472 0.00561472 2 2 3
0.656596 0.00577828 0.00577828 2 2 3
0.656506 0.00594196 0.00594196 2 2 3
0.656416 0.00610577 0.00610577 2 2 3
0.656325 0.00626965 0.00626965 2 2 3
0.656235 0.00643364 0.00643364 2 2 3
0.656145 0.00659783 0.00659783 2 2 3
0.656054 0.00676213 0.00676213 2 2 3
0.655963 0.00692658 0.00692658 2 2 3
0.655873 0.00709115 0.00709115 2 2 3
0.655782 0.00725584 0.00725584 2 2 3
0.655691 0.00742066 0.00742066 2 2 3
0.6556 0.00758561 0.00758561 2 2 3
0.655509 0.00775069 0.00775069 2 2 3
0.655417 0.0079159 0.0079159 2 2 3
0.655326 0.00808124 0.00808124 2 2 3
0.655235 0.00824665 0.00824665 2 2 3
0.655143 0.00841222 0.00841222 2 2 3
0.655051 0.00857798 0.00857798 2 2 3
0.65496 0.00874387 0.00874387 2 2 3
0.654868 0.00890989 0.00890989 2 2 3
0.654776 0.00907594 0.00907594 2 2 3
0.654684 0.00924219 0.00924219 2 2 3
0.654591 0.00940848 0.00940848 2 2 3
0.654499 0.00957506 0.00957506 2 2 3
0.654406 0.00974189 0.00974189 2 2 3
0.654314 0.00990863 0.00990863 2 2 3
0.654221 0.0100756 0.0100756 2 2 3
0.654128 0.0102428 0.0102428 2 2 3
0.654035 0.0104102 0.0104102 2 2 3
0.653942 0.0105778 0.0105778 2 2 3
0.653849 0.0107454 0.0107454 2 2 3
0.653755 0.0109133 0.0109133 2 2 3
0.653662 0.0110812 0.0110812 2 2 3
0.653568 0.0112493 0.0112493 2 2 3
0.653475 0.0114175 0.0114175 2 2 3
0.653381 0.0115858 0.0115858 2 2 3
0.653287 0.0117543 0.0117543 2 2 3
0.653193 0.0119228 0.0119228 2 2 3
0.653099 0.0120915 0.0120915 2 2 3
0.653005 0.0122605 0.0122605 2 2 3
0.65291 0.0124295 0.0124295 2 2 3
0.652816 0.0125987 0.0125987 2 2 3
0.652721 0.012768 0.012768 2 2 3
0.652627 0.0129374 0.0129374 2 2 3
0.652532 0.013107 0.013107 2 2 3
0.652437 0.0132767 0.0132767 2 2 3
0.652342 0.0134466 0.0134466 2 2 3
0.652247 0.0136166 0.0136166 2 2 3
0.652151 0.0137868 0.0137868 2 2 3
0.652056 0.0139571 0.0139571 2 2 3
0.65196 0.0141275 0.0141275 2 2 3
0.651865 0.0142981 0.0142981 2 2 3
0.651769 0.0144688 0.0144688 2 2 3
0.651673 0.0146397 0.0146397 2 2 3
0.651577 0.0148106 0.0148106 2 2 3
0.651481 0.0149818 0.0149818 2 2 3
0.651385 0.015153 0.015153 2 2 3
0.651289 0.0153244 0.0153244 2 2 3
0.651192 0.015496 0.015496 2 2 3
0.651096 0.0156676 0.0156676 2 2 3
0.650999 0.0158394 0.0158394 2 2 3
0.650902 0.0160113 0.0160113 2 2 3
0.650805 0.0161834 0.0161834 2 2 3
0.650708 0.0163557 0.0163557 2 2 3
0.650611 0.0165281 0.0165281 2 2 3
0.650514 0.0167006 0.0167006 2 2 3
0.650417 0.0168732 0.0168732 2 2 3
0.650319 0.0170458 0.0170458 2 2 3
0.650222 0.0172187 0.0172187 2 2 3
0.650124 0.0173918 0.0173918 2 2 3
0.650026 0.017565 0.017565 2 2 3
0.649928 0.0177383 0.0177383 2 2 3
0.64983 0.0179117 0.0179117 2 2 3
0.649732 0.0180854 0.0180854 2 2 3
0.649634 0.0182592 0.0182592 2 2 3
0.649535 0.0184331 0.0184331 2 2 3
0.649437 0.0186071 0.0186071 2 2 3
0.649338 0.0187813 0.0187813 2 2 3
0.649239 0.0189555 0.0189555 2 2 3
0.649141 0.0191299 0.0191299 2 2 3
0.649042 0.0193045 0.0193045 2 2 3
0.648942 0.0194795 0.0194795 2 2 3
0.648843 0.0196543 0.0196543 2 2 3
0.648744 0.0198293 0.0198293 2 2 3
0.648644 0.0200044 0.0200044 2 2 3
0.648545 0.0201799 0.0201799 2 2 3
0.648445 0.0203554 0.0203554 2 2 3
0.648345 0.0205312 0.0205312 2 2 3
0.648245 0.020707 0.020707 2 2 3
0.648145 0.0208829 0.0208829 2 2 3
0.648045 0.0210592 0.0210592 2 2 3
0.647944 0.0212354 0.0212354 2 2 3
0.647844 0.0214118 0.0214118 2 2 3
0.647743 0.0215883 0.0215883 2 2 3
0.647643 0.0217649 0.0217649 2 2 3
0.647542 0.0219417 0.0219417 2 2 3
0.647441 0.0221186 0.0221186 2 2 3
0.64734 0.0222956 0.0222956 2 2 3
0.647239 0.0224731 0.0224731 2 2 3
0.647137 0.0226506 0.0226506 2 2 3
0.647036 0.0228282 0.0228282 2 2 3
0.646934 0.0230059 0.0230059 2 2 3
0.646833 0.0231837 0.0231837 2 2 3
0.646731 0.0233615 0.0233615 2 2 3
0.646629 0.0235395 0.0235395 2 2 3
0.646527 0.0237177 0.0237177 2 2 3
0.646425 0.0238959 0.0238959 2 2 3
0.646323 0.0240745 0.0240745 2 2 3
0.64622 0.0242533 0.0242533 2 2 3
0.646118 0.0244321 0.0244321 2 2 3
0.646015 0.0246109 0.0246109 2 2 3
0.645912 0.02479 0.02479 2 2 3
0.645809 0.0249695 0.0249695 2 2 3
0.645706 0.025149 0.025149 2 2 3
0.645603 0.0253286 0.0253286 2 2 3
0.6455 0.0255084 0.0255084 2 2 3
0.645396 0.0256884 0.0256884 2 2 3
0.645293 0.0258686 0.0258686 2 2 3
0.645189 0.0260488 0.0260488 2 2 3
0.645085 0.0262293 0.0262293 2 2 3
0.644981 0.0264099 0.0264099 2 2 3
0.644877 0.0265907 0.0265907 2 2 3
0.644773 0.0267716 0.0267716 2 2 3
0.644669 0.0269527 0.0269527 2 2 3
0.644564 0.0271339 0.0271339 2 2 3
0.64446 0.0273153 0.0273153 2 2 3
0.644355 0.0274968 0.0274968 2 2 3
0.64425 0.0276785 0.0276785 2 2 3
0.644145 0.0278603 0.0278603 2 2 3
0.64404 0.0280422 0.0280422 2 2 3
0.643935 0.0282244 0.0282244 2 2 3
0.643829 0.0284067 0.0284067 2 2 3
0.643724 0.0285891 0.0285891 2 2 3
0.643618 0.0287717 0.0287717 2 2 3
0.643512 0.0289544 0.0289544 2 2 3
0.643406 0.0291373 0.0291373 2 2 3
0.6433 0.0293203 0.0293203 2 2 3
0.643194 0.0295035 0.0295035 2 2 3
0.643088 0.0296868 0.0296868 2 2 3
0.642982 0.0298704 0.0298704 2 2 3
0.642875 0.030054 0.030054 2 2 3
0.642768 0.0302378 0.0302378 2 2 3
0.642662 0.0304217 0.0304217 2 2 3
0.642555 0.0306058 0.0306058 2 2 3
0.642448 0.0307901 0.0307901 2 2 3
0.64234 0.0309745 0.0309745 2 2 3
0.642233 0.0311592 0.0311592 2 2 3
0.642126 0.0313439 0.0313439 2 2 3
0.642018 0.0315288 0.0315288 2 2 3
0.64191 0.0317138 0.0317138 2 2 3
0.641803 0.031899 0.031899 2 2 3
0.641695 0.0320843 0.0320843 2 2 3
0.641587 0.0322698 0.0322698 2 2 3
0.641478 0.0324556 0.0324556 2 2 3
0.64137 0.0326414 0.0326414 2 2 3
0.641261 0.0328275 0.0328275 2 2 3
0.641153 0.0330137 0.0330137 2 2 3
0.641044 0.0332 0.0332 2 2 3
0.640935 0.0333865 0.0333865 2 2 3
0.640826 0.0335732 0.0335732 2 2 3
0.640717 0.0337601 0.0337601 2 2 3
0.640607 0.033947 0.033947 2 2 3
0.640498 0.0341341 0.0341341 2 2 3
0.640388 0.0343214 0.0343214 2 2 3
0.640278 0.0345089 0.0345089 2 2 3
0.640169 0.0346966 0.0346966 2 2 3
0.640059 0.0348843 0.0348843 2 2 3
0.639948 0.0350723 0.0350723 2 2 3
0.639838 0.0352604 0.0352604 2 2 3
0.639728 0.0354487 0.0354487 2 2 3
0.639617 0.0356372 0.0356372 2 2 3
0.639506 0.0358257 0.0358257 2 2 3
0.639396 0.0360145 0.0360145 2 2 3
0.639285 0.0362034 0.0362034 2 2 3
0.639174 0.0363924 0.0363924 2 2 3
0.639062 0.0365816 0.0365816 2 2 3
0.638951 0.0367711 0.0367711 2 2 3
0.638839 0.0369607 0.0369607 2 2 3
0.638728 0.0371504 0.0371504 2 2 3
0.638616 0.0373402 0.0373402 2 2 3
0.638504 0.0375302 0.0375302 2 2 3
0.638392 0.0377203 0.0377203 2 2 3
0.63828 0.0379105 0.0379105 2 2 3
0.638168 0.0381009 0.0381009 2 2 3
0.638055 0.0382913 0.0382913 2 2 3
0.637943 0.038482 0.038482 2 2 3
0.63783 0.0386727 0.0386727 2 2 3
0.637717 0.0388638 0.0388638 2 2 3
0.637605 0.0390548 0.0390548 2 2 3
0.637492 0.0392461 0.0392461 2 2 3
0.637378 0.0394375 0.0394375 2 2 3
0.637265 0.039629 0.039629 2 2 3
0.637152 0.0398207 0.0398207 2 2 3
0.637038 0.0400127 0.0400127 2 2 3
0.636924 0.0402046 0.0402046 2 2 3
0.636811 0.0403968 0.0403968 2 2 3
0.636697 0.0405891 0.0405891 2 2 3
0.636582 0.0407817 0.0407817 2 2 3
0.636468 0.0409744 0.0409744 2 2 3
0.636354 0.0411674 0.0411674 2 2 3
0.636239 0.0413604 0.0413604 2 2 3
0.636124 0.0415537 0.0415537 2 2 3
0.63601 0.041747 0.041747 2 2 3
0.635895 0.0419402 0.0419402 2 2 3
0.63578 0.0421339 0.0421339 2 2 3
0.635664 0.0423277 0.0423277 2 2 3
0.635549 0.0425215 0.0425215 2 2 3
0.635434 0.0427154 0.0427154 2 2 3
0.635318 0.0429094 0.0429094 2 2 3
0.635202 0.0431037 0.0431037 2 2 3
0.635087 0.043298 0.043298 2 2 3
0.634971 0.043492 0.043492 2 2 3
0.634855 0.0436869 0.0436869 2 2 3
0.634739 0.043882 0.043882 2 2 3
0.634622 0.0440773 0.0440773 2 2 3
0.634505 0.0442728 0.0442728 2 2 3
0.634388 0.0444685 0.0444685 2 2 3
0.634271 0.0446644 0.0446644 2 2 3
0.634154 0.0448608 0.0448608 2 2 3
0.634037 0.0450573 0.0450573 2 2 3
0.633919 0.045254 0.045254 2 2 3
0.633801 0.0454509 0.0454509 2 2 3
0.633683 0.0456479 0.0456479 2 2 3
0.633565 0.0458452 0.0458452 2 2 3
0.633447 0.0460427 0.0460427 2 2 3
0.633328 0.0462404 0.0462404 2 2 3
0.63321 0.0464382 0.0464382 2 2 3
0.633091 0.0466364 0.0466364 2 2 3
0.632972 0.0468347 0.0468347 2 2 3
0.632853 0.0470331 0.0470331 2 2 3
0.632734 0.0472317 0.0472317 2 2 3
0.632614 0.0474307 0.0474307 2 2 3
0.632494 0.0476299 0.0476299 2 2 3
0.632375 0.0478291 0.0478291 2 2 3
0.632255 0.0480285 0.0480285 2 2 3
0.632135 0.048228 0.048228 2 2 3
0.632015 0.0484277 0.0484277 2 2 3
0.631894 0.0486276 0.0486276 2 2 3
0.631774 0.0488276 0.0488276 2 2 3
0.631653 0.0490279 0.0490279 2 2 3
0.631533 0.0492282 0.0492282 2 2 3
0.631411 0.049429 0.049429 2 2 3
0.63129 0.0496298 0.0496298 2 2 3
0.631169 0.0498307 0.0498307 2 2 3
0.631048 0.0500317 0.0500317 2 2 3
0.630926 0.0502331 0.0502331 2 2 3
0.630804 0.0504347 0.0504347 2 2 3
0.630682 0.0506365 0.0506365 2 2 3
0.63056 0.0508385 0.0508385 2 2 3
0.630438 0.0510406 0.0510406 2 2 3
0.630316 0.0512428 0.0512428 2 2 3
0.630193 0.0514451 0.0514451 2 2 3
0.630071 0.0516478 0.0516478 2 2 3
0.629948 0.0518506 0.0518506 2 2 3
0.629825 0.0520537 0.0520537 2 2 3
0.629702 0.0522568 0.0522568 2 2 3
0.629578 0.0524602 0.0524602 2 2 3
0.629455 0.0526637 0.0526637 2 2 3
0.629331 0.0528674 0.0528674 2 2 3
0.629207 0.0530713 0.0530713 2 2 3
0.629084 0.0532754 0.0532754 2 2 3
0.628959 0.0534795 0.0534795 2 2 3
0.628835 0.053684 0.053684 2 2 3
0.628711 0.0538887 0.0538887 2 2 3
0.628586 0.0540936 0.0540936 2 2 3
0.628461 0.0542988 0.0542988 2 2 3
0.628336 0.0545041 0.0545041 2 2 3
0.628211 0.0547096 0.0547096 2 2 3
0.628086 0.0549154 0.0549154 2 2 3
0.62796 0.0551213 0.0551213 2 2 3
0.627835 0.0553273 0.0553273 2 2 3
0.627709 0.0555335 0.0555335 2 2 3
0.627583 0.0557399 0.0557399 2 2 3
0.627457 0.0559465 0.0559465 2 2 3
0.627331 0.0561533 0.0561533 2 2 3
0.627204 0.0563602 0.0563602 2 2 3
0.627078 0.0565674 0.0565674 2 2 3
0.626951 0.0567746 0.0567746 2 2 3
0.626824 0.0569819 0.0569819 2 2 3
0.626697 0.0571895 0.0571895 2 2 3
0.62657 0.0573974 0.0573974 2 2 3
0.626442 0.0576054 0.0576054 2 2 3
0.626315 0.0578135 0.0578135 2 2 3
0.626187 0.0580219 0.0580219 2 2 3
0.626059 0.0582306 0.0582306 2 2 3
0.625931 0.0584393 0.0584393 2 2 3
0.625803 0.0586482 0.0586482 2 2 3
0.625675 0.0588573 0.0588573 2 2 3
0.625546 0.0590667 0.0590667 2 2 3
0.625418 0.0592763 0.0592763 2 2 3
0.625289 0.0594862 0.0594862 2 2 3
0.625159 0.0596961 0.0596961 2 2 3
0.62503 0.0599064 0.0599064 2 2 3
0.624901 0.0601168 0.0601168 2 2 3
0.624771 0.0603273 0.0603273 2 2 3
0.624641 0.060538 0.060538 2 2 3
0.624512 0.0607489 0.0607489 2 2 3
0.624381 0.0609602 0.0609602 2 2 3
0.624251 0.0611715 0.0611715 2 2 3
0.624121 0.0613832 0.0613832 2 2 3
0.62399 0.061595 0.061595 2 2 3
0.623859 0.0618069 0.0618069 2 2 3
0.623728 0.062019 0.062019 2 2 3
0.623597 0.0622314 0.0622314 2 2 3
0.623466 0.062444 0.062444 2 2 3
0.623334 0.0626567 0.0626567 2 2 3
0.623202 0.0628698 0.0628698 2 2 3
0.62307 0.0630832 0.0630832 2 2 3
0.622938 0.0632965 0.0632965 2 2 3
0.622806 0.0635101 0.0635101 2 2 3
0.622674 0.063724 0.063724 2 2 3
0.622541 0.0639381 0.0639381 2 2 3
0.622408 0.0641524 0.0641524 2 2 3
0.622275 0.0643668 0.0643668 2 2 3
0.622142 0.0645815 0.0645815 2 2 3
0.622009 0.0647964 0.0647964 2 2 3
0.621875 0.0650115 0.0650115 2 2 3
0.621742 0.0652267 0.0652267 2 2 3
0.621608 0.0654421 0.0654421 2 2 3
0.621474 0.0656578 0.0656578 2 2 3
0.621339 0.0658736 0.0658736 2 2 3
0.621205 0.0660897 0.0660897 2 2 3
0.62107 0.0663059 0.0663059 2 2 3
0.620936 0.0665224 0.0665224 2 2 3
0.620801 0.0667391 0.0667391 2 2 3
0.620666 0.0669561 0.0669561 2 2 3
0.62053 0.0671734 0.0671734 2 2 3
0.620395 0.0673907 0.0673907 2 2 3
0.620259 0.0676084 0.0676084 2 2 3
0.620123 0.0678262 0.0678262 2 2 3
0.619987 0.0680442 0.0680442 2 2 3
0.619851 0.0682625 0.0682625 2 2 3
0.619714 0.068481 0.068481 2 2 3
0.619577 0.0686997 0.0686997 2 2 3
0.61944 0.0689187 0.0689187 2 2 3
0.619303 0.0691381 0.0691381 2 2 3
0.619166 0.0693574 0.0693574 2 2 3
0.619028 0.0695769 0.0695769 2 2 3
0.618891 0.0697967 0.0697967 2 2 3
0.618753 0.0700168 0.0700168 2 2 3
0.618615 0.0702369 0.0702369 2 2 3
0.618477 0.0704572 0.0704572 2 2 3
0.618338 0.0706779 0.0706779 2 2 3
0.6182 0.0708986 0.0708986 2 2 3
0.618061 0.0711198 0.0711198 2 2 3
0.617922 0.0713412 0.0713412 2 2 3
0.617783 0.0715626 0.0715626 2 2 3
0.617644 0.0717843 0.0717843 2 2 3
0.617504 0.0720062 0.0720062 2 2 3
0.617364 0.0722283 0.0722283 2 2 3
0.617224 0.0724507 0.0724507 2 2 3
0.617084 0.0726732 0.0726732 2 2 3
0.616944 0.072896 0.072896 2 2 3
0.616803 0.0731189 0.0731189 2 2 3
0.616663 0.073342 0.073342 2 2 3
0.616522 0.0735652 0.0735652 2 2 3
0.616381 0.0737889 0.0737889 2 2 3
0.61624 0.0740126 0.0740126 2 2 3
0.616098 0.0742366 0.0742366 2 2 3
0.615957 0.074461 0.074461 2 2 3
0.615815 0.0746851 0.0746851 2 2 3
0.615673 0.0749094 0.0749094 2 2 3
0.615531 0.0751339 0.0751339 2 2 3
0.615389 0.0753587 0.0753587 2 2 3
0.615247 0.0755835 0.0755835 2 2 3
0.615104 0.0758087 0.0758087 2 2 3
0.614961 0.0760342 0.0760342 2 2 3
0.614818 0.07626 0.07626 2 2 3
0.614675 0.076486 0.076486 2 2 3
0.614532 0.0767122 0.0767122 2 2 3
0.614388 0.0769388 0.0769388 2 2 3
0.614244 0.0771657 0.0771657 2 2 3
0.6141 0.0773926 0.0773926 2 2 3
0.613955 0.07762 0.07762 2 2 3
0.613811 0.0778477 0.0778477 2 2 3
0.613666 0.0780753 0.0780753 2 2 3
0.613521 0.0783034 0.0783034 2 2 3
0.613375 0.0785319 0.0785319 2 2 3
0.61323 0.0787606 0.0787606 2 2 3
0.613084 0.0789894 0.0789894 2 2 3
0.612938 0.0792184 0.0792184 2 2 3
0.612792 0.0794474 0.0794474 2 2 3
0.612646 0.0796767 0.0796767 2 2 3
0.6125 0.0799061 0.0799061 2 2 3
0.612353 0.080136 0.080136 2 2 3
0.612206 0.080366 0.080366 2 2 3
0.612059 0.0805965 0.0805965 2 2 3
0.611912 0.080827 0.080827 2 2 3
0.611764 0.0810577 0.0810577 2 2 3
0.611617 0.0812884 0.0812884 2 2 3
0.611469 0.0815197 0.0815197 2 2 3
0.611321 0.0817508 0.0817508 2 2 3
0.611173 0.0819824 0.0819824 2 2 3
0.611024 0.0822145 0.0822145 2 2 3
0.610875 0.0824468 0.0824468 2 2 3
0.610726 0.0826796 0.0826796 2 2 3
0.610577 0.0829123 0.0829123 2 2 3
0.610427 0.0831454 0.0831454 2 2 3
0.610278 0.0833787 0.0833787 2 2 3
0.610128 0.0836123 0.0836123 2 2 3
0.609978 0.083846 0.083846 2 2 3
0.609827 0.0840799 0.0840799 2 2 3
0.609677 0.0843142 0.0843142 2 2 3
0.609526 0.0845486 0.0845486 2 2 3
0.609375 0.0847833 0.0847833 2 2 3
0.609224 0.0850182 0.0850182 2 2 3
0.609072 0.0852534 0.0852534 2 2 3
0.60892 0.0854888 0.0854888 2 2 3
0.608769 0.0857245 0.0857245 2 2 3
0.608617 0.0859604 0.0859604 2 2 3
0.608464 0.0861965 0.0861965 2 2 3
0.608312 0.0864329 0.0864329 2 2 3
0.608159 0.0866696 0.0866696 2 2 3
0.608006 0.0869065 0.0869065 2 2 3
0.607853 0.0871436 0.0871436 2 2 3
0.607699 0.0873809 0.0873809 2 2 3
0.607546 0.0876185 0.0876185 2 2 3
0.607392 0.0878564 0.0878564 2 2 3
0.607238 0.0880945 0.0880945 2 2 3
0.607083 0.0883328 0.0883328 2 2 3
0.606929 0.0885713 0.0885713 2 2 3
0.606774 0.0888102 0.0888102 2 2 3
0.606619 0.0890493 0.0890493 2 2 3
0.606464 0.0892887 0.0892887 2 2 3
0.606308 0.0895284 0.0895284 2 2 3
0.606152 0.0897683 0.0897683 2 2 3
0.605997 0.0900084 0.0900084 2 2 3
0.60584 0.0902489 0.0902489 2 2 3
0.605684 0.0904895 0.0904895 2 2 3
0.605527 0.0907306 0.0907306 2 2 3
0.60537 0.0909717 0.0909717 2 2 3
0.605213 0.0912131 0.0912131 2 2 3
0.605056 0.0914548 0.0914548 2 2 3
0.604898 0.0916969 0.0916969 2 2 3
0.60474 0.0919393 0.0919393 2 2 3
0.604582 0.0921818 0.0921818 2 2 3
0.604424 0.0924242 0.0924242 2 2 3
0.604266 0.0926669 0.0926669 2 2 3
0.604107 0.09291 0.09291 2 2 3
0.603948 0.0931534 0.0931534 2 2 3
0.603789 0.0933971 0.0933971 2 2 3
0.603629 0.0936414 0.0936414 2 2 3
0.60347 0.0938855 0.0938855 2 2 3
0.60331 0.0941298 0.0941298 2 2 3
0.603149 0.0943747 0.0943747 2 2 3
0.602989 0.0946197 0.0946197 2 2 3
0.602829 0.0948648 0.0948648 2 2 3
0.602668 0.0951103 0.0951103 2 2 3
0.602507 0.095356 0.095356 2 2 3
0.602345 0.0956018 0.0956018 2 2 3
0.602184 0.095848 0.095848 2 2 3
0.602022 0.0960945 0.0960945 2 2 3
0.60186 0.0963413 0.0963413 2 2 3
0.601698 0.0965884 0.0965884 2 2 3
0.601535 0.0968359 0.0968359 2 2 3
0.601372 0.0970836 0.0970836 2 2 3
0.601209 0.0973314 0.0973314 2 2 3
0.601046 0.0975796 0.0975796 2 2 3
0.600882 0.0978284 0.0978284 2 2 3
0.600718 0.0980768 0.0980768 2 2 3
0.600554 0.0983256 0.0983256 2 2 3
0.60039 0.0985748 0.0985748 2 2 3
0.600226 0.0988239 0.0988239 2 2 3
0.600061 0.0990733 0.0990733 2 2 3
0.599896 0.0993231 0.0993231 2 2 3
0.599731 0.0995729 0.0995729 2 2 3
0.599566 0.0998227 0.0998227 2 2 3
0.599401 0.100073 0.100073 2 2 3
0.599235 0.100324 0.100324 2 2 3
0.599069 0.100575 0.100575 2 2 3
0.598903 0.100826 0.100826 2 2 3
0.598736 0.101077 0.101077 2 2 3
0.59857 0.101329 0.101329 2 2 3
0.598403 0.10158 0.10158 2 2 3
0.598235 0.101833 0.101833 2 2 3
0.598068 0.102086 0.102086 2 2 3
0.5979 0.102338 0.102338 2 2 3
0.597732 0.102592 0.102592 2 2 3
0.597563 0.102845 0.102845 2 2 3
0.597395 0.103098 0.103098 2 2 3
0.597226 0.103352 0.103352 2 2 3
0.597057 0.103607 0.103607 2 2 3
0.596888 0.103861 0.103861 2 2 3
0.596718 0.104116 0.104116 2 2 3
0.596548 0.104371 0.104371 2 2 3
0.596378 0.104626 0.104626 2 2 3
0.596208 0.104882 0.104882 2 2 3
0.596037 0.105137 0.105137 2 2 3
0.595866 0.105394 0.105394 2 2 3
0.595695 0.10565 0.10565 2 2 3
0.595524 0.105907 0.105907 2 2 3
0.595352 0.106163 0.106163 2 2 3
0.59518 0.106421 0.106421 2 2 3
0.595008 0.106678 0.106678 2 2 3
0.594835 0.106936 0.106936 2 2 3
0.594662 0.107195 0.107195 2 2 3
0.594489 0.107453 0.107453 2 2 3
0.594316 0.107711 0.107711 2 2 3
0.594143 0.10797 0.10797 2 2 3
0.593969 0.10823 0.10823 2 2 3
0.593795 0.108489 0.108489 2 2 3
0.59362 0.108749 0.108749 2 2 3
0.593446 0.109009 0.109009 2 2 3
0.593271 0.109269 0.109269 2 2 3
0.593096 0.10953 0.10953 2 2 3
0.59292 0.109791 0.109791 2 2 3
0.592745 0.110052 0.110052 2 2 3
0.592569 0.110313 0.110313 2 2 3
0.592393 0.110574 0.110574 2 2 3
0.592217 0.110836 0.110836 2 2 3
0.59204 0.111099 0.111099 2 2 3
0.591863 0.111361 0.111361 2 2 3
0.591686 0.111624 0.111624 2 2 3
0.591508 0.111887 0.111887 2 2 3
0.59133 0.11215 0.11215 2 2 3
0.591152 0.112414 0.112414 2 2 3
0.590974 0.112678 0.112678 2 2 3
0.590795 0.112943 0.112943 2 2 3
0.590616 0.113208 0.113208 2 2 3
0.590436 0.113473 0.113473 2 2 3
0.590256 0.113738 0.113738 2 2 3
0.590076 0.114004 0.114004 2 2 3
0.589896 0.114271 0.114271 2 2 3
0.589715 0.114537 0.114537 2 2 3
0.589533 0.114805 0.114805 2 2 3
0.589352 0.115072 0.115072 2 2 3
0.58917 0.11534 0.11534 2 2 3
0.588988 0.115608 0.115608 2 2 3
0.588805 0.115877 0.115877 2 2 3
0.588622 0.116146 0.116146 2 2 3
0.588439 0.116415 0.116415 2 2 3
0.588256 0.116685 0.116685 2 2 3
0.588072 0.116955 0.116955 2 2 3
0.587888 0.117226 0.117226 2 2 3
0.587703 0.117496 0.117496 2 2 3
0.587518 0.117767 0.117767 2 2 3
0.587333 0.118039 0.118039 2 2 3
0.587148 0.11831 0.11831 2 2 3
0.586962 0.118582 0.118582 2 2 3
0.586776 0.118854 0.118854 2 2 3
0.58659 0.119127 0.119127 2 2 3
0.586404 0.119399 0.119399 2 2 3
0.586217 0.119673 0.119673 2 2 3
0.58603 0.119946 0.119946 2 2 3
0.585842 0.12022 0.12022 2 2 3
0.585654 0.120494 0.120494 2 2 3
0.585466 0.120768 0.120768 2 2 3
0.585278 0.121043 0.121043 2 2 3
0.585089 0.121318 0.121318 2 2 3
0.5849 0.121593 0.121593 2 2 3
0.584711 0.121869 0.121869 2 2 3
0.584522 0.122145 0.122145 2 2 3
0.584332 0.122421 0.122421 2 2 3
0.584142 0.122697 0.122697 2 2 3
0.583951 0.122974 0.122974 2 2 3
0.58376 0.123251 0.123251 2 2 3
0.583569 0.123529 0.123529 2 2 3
0.583378 0.123807 0.123807 2 2 3
0.583186 0.124085 0.124085 2 2 3
0.582994 0.124364 0.124364 2 2 3
0.582801 0.124642 0.124642 2 2 3
0.582609 0.124922 0.124922 2 2 3
0.582416 0.125201 0.125201 2 2 3
0.582222 0.125481 0.125481 2 2 3
0.582029 0.125761 0.125761 2 2 3
0.581835 0.126041 0.126041 2 2 3
0.58164 0.126322 0.126322 2 2 3
0.581446 0.126603 0.126603 2 2 3
0.581251 0.126885 0.126885 2 2 3
0.581055 0.127167 0.127167 2 2 3
0.58086 0.127449 0.127449 2 2 3
0.580664 0.127731 0.127731 2 2 3
0.580467 0.128014 0.128014 2 2 3
0.580271 0.128297 0.128297 2 2 3
0.580074 0.128581 0.128581 2 2 3
0.579877 0.128864 0.128864 2 2 3
0.579679 0.129148 0.129148 2 2 3
0.579481 0.129433 0.129433 2 2 3
0.579283 0.129717 0.129717 2 2 3
0.579085 0.130002 0.130002 2 2 3
0.578886 0.130288 0.130288 2 2 3
0.578687 0.130574 0.130574 2 2 3
0.578487 0.13086 0.13086 2 2 3
0.578287 0.131146 0.131146 2 2 3
0.578087 0.131433 0.131433 2 2 3
0.577886 0.13172 0.13172 2 2 3
0.577685 0.132008 0.132008 2 2 3
0.577484 0.132296 0.132296 2 2 3
0.577282 0.132584 0.132584 2 2 3
0.57708 0.132873 0.132873 2 2 3
0.576877 0.133162 0.133162 2 2 3
0.576674 0.133452 0.133452 2 2 3
0.576471 0.133742 0.133742 2 2 3
0.576268 0.134032 0.134032 2 2 3
0.576064 0.134322 0.134322 2 2 3
0.575859 0.134614 0.134614 2 2 3
0.575654 0.134905 0.134905 2 2 3
0.575449 0.135197 0.135197 2 2 3
0.575244 0.135489 0.135489 2 2 3
0.575038 0.135782 0.135782 2 2 3
0.574832 0.136074 0.136074 2 2 3
0.574626 0.136367 0.136367 2 2 3
0.574419 0.136661 0.136661 2 2 3
0.574212 0.136955 0.136955 2 2 3
0.574004 0.137249 0.137249 2 2 3
0.573796 0.137544 0.137544 2 2 3
0.573588 0.137839 0.137839 2 2 3
0.573379 0.138135 0.138135 2 2 3
0.57317 0.138431 0.138431 2 2 3
0.57296 0.138727 0.138727 2 2 3
0.57275 0.139024 0.139024 2 2 3
0.57254 0.139321 0.139321 2 2 3
0.572329 0.139618 0.139618 2 2 3
0.572118 0.139916 0.139916 2 2 3
0.571906 0.140215 0.140215 2 2 3
0.571695 0.140513 0.140513 2 2 3
0.571482 0.140812 0.140812 2 2 3
0.57127 0.141111 0.141111 2 2 3
0.571057 0.141411 0.141411 2 2 3
0.570843 0.141711 0.141711 2 2 3
0.57063 0.142012 0.142012 2 2 3
0.570415 0.142313 0.142313 2 2 3
0.570201 0.142614 0.142614 2 2 3
0.569986 0.142916 0.142916 2 2 3
0.56977 0.143218 0.143218 2 2 3
0.569555 0.143521 0.143521 2 2 3
0.569339 0.143824 0.143824 2 2 3
0.569122 0.144127 0.144127 2 2 3
0.568905 0.144431 0.144431 2 2 3
0.568688 0.144734 0.144734 2 2 3
0.568471 0.145039 0.145039 2 2 3
0.568253 0.145343 0.145343 2 2 3
0.568034 0.145648 0.145648 2 2 3
0.567815 0.145954 0.145954 2 2 3
0.567596 0.14626 0.14626 2 2 3
0.567376 0.146566 0.146566 2 2 3
0.567156 0.146873 0.146873 2 2 3
0.566936 0.14718 0.14718 2 2 3
0.566715 0.147488 0.147488 2 2 3
0.566494 0.147795 0.147795 2 2 3
0.566272 0.148104 0.148104 2 2 3
0.56605 0.148413 0.148413 2 2 3
0.565828 0.148722 0.148722 2 2 3
0.565605 0.149031 0.149031 2 2 3
0.565382 0.149341 0.149341 2 2 3
0.565158 0.149651 0.149651 2 2 3
0.564934 0.149962 0.149962 2 2 3
0.56471 0.150273 0.150273 2 2 3
0.564485 0.150584 0.150584 2 2 3
0.56426 0.150896 0.150896 2 2 3
0.564034 0.151208 0.151208 2 2 3
0.563808 0.151521 0.151521 2 2 3
0.563581 0.151834 0.151834 2 2 3
0.563354 0.152148 0.152148 2 2 3
0.563127 0.152462 0.152462 2 2 3
0.562899 0.152776 0.152776 2 2 3
0.56267 0.153091 0.153091 2 2 3
0.562442 0.153406 0.153406 2 2 3
0.562212 0.153722 0.153722 2 2 3
0.561983 0.154038 0.154038 2 2 3
0.561753 0.154355 0.154355 2 2 3
0.561522 0.154672 0.154672 2 2 3
0.561291 0.154989 0.154989 2 2 3
0.56106 0.155307 0.155307 2 2 3
0.560828 0.155625 0.155625 2 2 3
0.560596 0.155944 0.155944 2 2 3
0.560363 0.156263 0.156263 2 2 3
0.56013 0.156582 0.156582 2 2 3
0.559897 0.156902 0.156902 2 2 3
0.559663 0.157222 0.157222 2 2 3
0.559428 0.157543 0.157543 2 2 3
0.559193 0.157864 0.157864 2 2 3
0.558958 0.158186 0.158186 2 2 3
0.558722 0.158508 0.158508 2 2 3
0.558486 0.158831 0.158831 2 2 3
0.558249 0.159154 0.159154 2 2 3
0.558012 0.159477 0.159477 2 2 3
0.557774 0.159801 0.159801 2 2 3
0.557536 0.160125 0.160125 2 2 3
0.557297 0.16045 0.16045 2 2 3
0.557058 0.160775 0.160775 2 2 3
0.556819 0.161101 0.161101 2 2 3
0.556579 0.161427 0.161427 2 2 3
0.556338 0.161754 0.161754 2 2 3
0.556098 0.162081 0.162081 2 2 3
0.555856 0.162408 0.162408 2 2 3
0.555614 0.162736 0.162736 2 2 3
0.555372 0.163064 0.163064 2 2 3
0.555129 0.163393 0.163393 2 2 3
0.554886 0.163723 0.163723 2 2 3
0.554642 0.164053 0.164053 2 2 3
0.554397 0.164383 0.164383 2 2 3
0.554152 0.164714 0.164714 2 2 3
0.553907 0.165045 0.165045 2 2 3
0.553661 0.165377 0.165377 2 2 3
0.553414 0.16571 0.16571 2 2 3
0.553168 0.166042 0.166042 2 2 3
0.55292 0.166376 0.166376 2 2 3
0.552672 0.16671 0.16671 2 2 3
0.552423 0.167044 0.167044 2 2 3
0.552175 0.167379 0.167379 2 2 3
0.551925 0.167714 0.167714 2 2 3
0.551675 0.16805 0.16805 2 2 3
0.551425 0.168386 0.168386 2 2 3
0.551174 0.168723 0.168723 2 2 3
0.550922 0.16906 0.16906 2 2 3
0.55067 0.169397 0.169397 2 2 3
0.550418 0.169736 0.169736 2 2 3
0.550165 0.170074 0.170074 2 2 3
0.549911 0.170413 0.170413 2 2 3
0.549657 0.170752 0.170752 2 2 3
0.549403 0.171092 0.171092 2 2 3
0.549148 0.171433 0.171433 2 2 3
0.548892 0.171774 0.171774 2 2 3
0.548636 0.172115 0.172115 2 2 3
0.548379 0.172457 0.172457 2 2 3
0.548122 0.1728 0.1728 2 2 3
0.547864 0.173143 0.173143 2 2 3
0.547606 0.173486 0.173486 2 2 3
0.547347 0.17383 0.17383 2 2 3
0.547088 0.174175 0.174175 2 2 3
0.546828 0.17452 0.17452 2 2 3
0.546568 0.174865 0.174865 2 2 3
0.546307 0.175211 0.175211 2 2 3
0.546045 0.175558 0.175558 2 2 3
0.545783 0.175905 0.175905 2 2 3
0.545521 0.176253 0.176253 2 2 3
0.545257 0.176601 0.176601 2 2 3
0.544994 0.176949 0.176949 2 2 3
0.544729 0.177298 0.177298 2 2 3
0.544465 0.177648 0.177648 2 2 3
0.544199 0.177998 0.177998 2 2 3
0.543934 0.178348 0.178348 2 2 3
0.543667 0.178699 0.178699 2 2 3
0.5434 0.179051 0.179051 2 2 3
0.543133 0.179403 0.179403 2 2 3
0.542865 0.179756 0.179756 2 2 3
0.542596 0.180109 0.180109 2 2 3
0.542327 0.180462 0.180462 2 2 3
0.542057 0.180816 0.180816 2 2 3
0.541787 0.181171 0.181171 2 2 3
0.541516 0.181526 0.181526 2 2 3
0.541245 0.181882 0.181882 2 2 3
0.540973 0.182238 0.182238 2 2 3
0.5407 0.182595 0.182595 2 2 3
0.540427 0.182952 0.182952 2 2 3
0.540153 0.18331 0.18331 2 2 3
0.539879 0.183668 0.183668 2 2 3
0.539604 0.184027 0.184027 2 2 3
0.539328 0.184386 0.184386 2 2 3
0.539052 0.184746 0.184746 2 2 3
0.538775 0.185107 0.185107 2 2 3
0.538498 0.185468 0.185468 2 2 3
0.53822 0.185829 0.185829 2 2 3
0.537941 0.186192 0.186192 2 2 3
0.537662 0.186554 0.186554 2 2 3
0.537382 0.186918 0.186918 2 2 3
0.537102 0.187282 0.187282 2 2 3
0.536821 0.187646 0.187646 2 2 3
0.536539 0.188011 0.188011 2 2 3
0.536257 0.188376 0.188376 2 2 3
0.535974 0.188742 0.188742 2 2 3
0.535691 0.189109 0.189109 2 2 3
0.535407 0.189476 0.189476 2 2 3
0.535122 0.189844 0.189844 2 2 3
0.534836 0.190213 0.190213 2 2 3
0.53455 0.190582 0.190582 2 2 3
0.534264 0.190951 0.190951 2 2 3
0.533976 0.191321 0.191321 2 2 3
0.533688 0.191692 0.191692 2 2 3
0.5334 0.192063 0.192063 2 2 3
0.53311 0.192435 0.192435 2 2 3
0.53282 0.192808 0.192808 2 2 3
0.53253 0.193181 0.193181 2 2 3
0.532239 0.193554 0.193554 2 2 3
0.531947 0.193929 0.193929 2 2 3
0.531654 0.194303 0.194303 2 2 3
0.531361 0.194679 0.194679 2 2 3
0.531067 0.195055 0.195055 2 2 3
0.530772 0.195432 0.195432 2 2 3
0.530477 0.195809 0.195809 2 2 3
0.530181 0.196187 0.196187 2 2 3
0.529885 0.196565 0.196565 2 2 3
0.529587 0.196944 0.196944 2 2 3
0.529289 0.197324 0.197324 2 2 3
0.528991 0.197704 0.197704 2 2 3
0.528691 0.198085 0.198085 2 2 3
0.528391 0.198467 0.198467 2 2 3
0.52809 0.198849 0.198849 2 2 3
0.527789 0.199232 0.199232 2 2 3
0.527487 0.199615 0.199615 2 2 3
0.527184 0.199999 0.199999 2 2 3
0.52688 0.200384 0.200384 2 2 3
0.526576 0.200769 0.200769 2 2 3
0.526271 0.201156 0.201156 2 2 3
0.525965 0.201542 0.201542 2 2 3
0.525658 0.201929 0.201929 2 2 3
0.525351 0.202317 0.202317 2 2 3
0.525043 0.202706 0.202706 2 2 3
0.524735 0.203095 0.203095 2 2 3
0.524425 0.203485 0.203485 2 2 3
0.524115 0.203875 0.203875 2 2 3
0.523804 0.204266 0.204266 2 2 3
0.523493 0.204658 0.204658 2 2 3
0.52318 0.20505 0.20505 2 2 3
0.522868 0.205443 0.205443 2 2 3
0.522554 0.205836 0.205836 2 2 3
0.522239 0.206231 0.206231 2 2 3
0.521924 0.206626 0.206626 2 2 3
0.521608 0.207022 0.207022 2 2 3
0.521291 0.207418 0.207418 2 2 3
0.520973 0.207815 0.207815 2 2 3
0.520654 0.208213 0.208213 2 2 3
0.520335 0.208611 0.208611 2 2 3
0.520015 0.20901 0.20901 2 2 3
0.519695 0.20941 0.20941 2 2 3
0.519373 0.20981 0.20981 2 2 3
0.519051 0.210211 0.210211 2 2 3
0.518728 0.210613 0.210613 2 2 3
0.518404 0.211015 0.211015 2 2 3
0.518079 0.211419 0.211419 2 2 3
0.517754 0.211822 0.211822 2 2 3
0.517428 0.212227 0.212227 2 2 3
0.5171 0.212632 0.212632 2 2 3
0.516773 0.213038 0.213038 2 2 3
0.516444 0.213444 0.213444 2 2 3
0.516114 0.213852 0.213852 2 2 3
0.515784 0.21426 0.21426 2 2 3
0.515453 0.214668 0.214668 2 2 3
0.515121 0.215078 0.215078 2 2 3
0.514788 0.215488 0.215488 2 2 3
0.514454 0.215899 0.215899 2 2 3
0.51412 0.21631 0.21631 2 2 3
0.513784 0.216723 0.216723 2 2 3
0.513448 0.217136 0.217136 2 2 3
0.513111 0.21755 0.21755 2 2 3
0.512773 0.217964 0.217964 2 2 3
0.512434 0.218379 0.218379 2 2 3
0.512094 0.218795 0.218795 2 2 3
0.511754 0.219212 0.219212 2 2 3
0.511412 0.21963 0.21963 2 2 3
0.51107 0.220048 0.220048 2 2 3
0.510727 0.220467 0.220467 2 2 3
0.510383 0.220887 0.220887 2 2 3
0.510038 0.221307 0.221307 2 2 3
0.509692 0.221728 0.221728 2 2 3
0.509345 0.22215 0.22215 2 2 3
0.508997 0.222573 0.222573 2 2 3
0.508649 0.222997 0.222997 2 2 3
0.508299 0.223421 0.223421 2 2 3
0.507949 0.223846 0.223846 2 2 3
0.507597 0.224272 0.224272 2 2 3
0.507245 0.224699 0.224699 2 2 3
0.506892 0.225126 0.225126 2 2 3
0.506538 0.225554 0.225554 2 2 3
0.506183 0.225983 0.225983 2 2 3
0.505827 0.226413 0.226413 2 2 3
0.50547 0.226844 0.226844 2 2 3
0.505112 0.227275 0.227275 2 2 3
0.504753 0.227707 0.227707 2 2 3
0.504393 0.22814 0.22814 2 2 3
0.504032 0.228574 0.228574 2 2 3
0.503671 0.229008 0.229008 2 2 3
0.503308 0.229444 0.229444 2 2 3
0.502944 0.22988 0.22988 2 2 3
0.50258 0.230317 0.230317 2 2 3
0.502214 0.230755 0.230755 2 2 3
0.501847 0.231193 0.231193 2 2 3
0.501479 0.231633 0.231633 2 2 3
0.501111 0.232073 0.232073 2 2 3
0.500741 0.232514 0.232514 2 2 3
0.50037 0.232956 0.232956 2 2 3
0.499999 0.233399 0.233399 2 2 3
0.499626 0.233843 0.233843 2 2 3
0.499252 0.234288 0.234288 2 2 3
0.498877 0.234733 0.234733 2 2 3
0.498501 0.235179 0.235179 2 2 3
0.498124 0.235627 0.235627 2 2 3
0.497746 0.236075 0.236075 2 2 3
0.497367 0.236524 0.236524 2 2 3
0.496987 0.236974 0.236974 2 2 3
0.496605 0.237425 0.237425 2 2 3
0.496223 0.237876 0.237876 2 2 3
0.495839 0.238329 0.238329 2 2 3
0.495455 0.238782 0.238782 2 2 3
0.495069 0.239236 0.239236 2 2 3
0.494683 0.239691 0.239691 2 2 3
0.494295 0.240147 0.240147 2 2 3
0.493906 0.240604 0.240604 2 2 3
0.493516 0.241062 0.241062 2 2 3
0.493125 0.241521 0.241521 2 2 3
0.492733 0.24198 0.24198 2 2 3
0.492339 0.242441 0.242441 2 2 3
0.491945 0.242902 0.242902 2 2 3
0.491549 0.243364 0.243364 2 2 3
0.491152 0.243828 0.243828 2 2 3
0.490755 0.244292 0.244292 2 2 3
0.490355 0.244757 0.244757 2 2 3
0.489955 0.245223 0.245223 2 2 3
0.489554 0.24569 0.24569 2 2 3
0.489151 0.246158 0.246158 2 2 3
0.488747 0.246627 0.246627 2 2 3
0.488342 0.247097 0.247097 2 2 3
0.487936 0.247568 0.247568 2 2 3
0.487528 0.24804 0.24804 2 2 3
0.48712 0.248513 0.248513 2 2 3
0.48671 0.248987 0.248987 2 2 3
0.486299 0.249461 0.249461 2 2 3
0.485886 0.249937 0.249937 2 2 3
0.485473 0.250414 0.250414 2 2 3
0.485058 0.250892 0.250892 2 2 3
0.484642 0.251371 0.251371 2 2 3
0.484224 0.251851 0.251851 2 2 3
0.483805 0.252332 0.252332 2 2 3
0.483385 0.252814 0.252814 2 2 3
0.482964 0.253296 0.253296 2 2 3
0.482541 0.25378 0.25378 2 2 3
0.482118 0.254265 0.254265 2 2 3
0.481692 0.254751 0.254751 2 2 3
0.481266 0.255238 0.255238 2 2 3
0.480838 0.255726 0.255726 2 2 3
0.480409 0.256215 0.256215 2 2 3
0.479979 0.256705 0.256705 2 2 3
0.479547 0.257196 0.257196 2 2 3
0.479114 0.257688 0.257688 2 2 3
0.478679 0.258181 0.258181 2 2 3
0.478244 0.258676 0.258676 2 2 3
0.477806 0.259171 0.259171 2 2 3
0.477368 0.259668 0.259668 2 2 3
0.476928 0.260165 0.260165 2 2 3
0.476486 0.260664 0.260664 2 2 3
0.476043 0.261164 0.261164 2 2 3
0.475599 0.261665 0.261665 2 2 3
0.475153 0.262167 0.262167 2 2 3
0.474706 0.26267 0.26267 2 2 3
0.474258 0.263174 0.263174 2 2 3
0.473808 0.263679 0.263679 2 2 3
0.473356 0.264185 0.264185 2 2 3
0.472903 0.264693 0.264693 2 2 3
0.472449 0.265202 0.265202 2 2 3
0.471993 0.265711 0.265711 2 2 3
0.471536 0.266223 0.266223 2 2 3
0.471077 0.266735 0.266735 2 2 3
0.470616 0.267248 0.267248 2 2 3
0.470154 0.267763 0.267763 2 2 3
0.469691 0.268278 0.268278 2 2 3
0.469225 0.268795 0.268795 2 2 3
0.468759 0.269313 0.269313 2 2 3
0.46829 0.269833 0.269833 2 2 3
0.46782 0.270353 0.270353 2 2 3
0.467349 0.270875 0.270875 2 2 3
0.466876 0.271398 0.271398 2 2 3
0.466401 0.271923 0.271923 2 2 3
0.465925 0.272448 0.272448 2 2 3
0.465447 0.272975 0.272975 2 2 3
0.464967 0.273503 0.273503 2 2 3
0.464486 0.274032 0.274032 2 2 3
0.464003 0.274563 0.274563 2 2 3
0.463518 0.275094 0.275094 2 2 3
0.463032 0.275627 0.275627 2 2 3
0.462544 0.276162 0.276162 2 2 3
0.462054 0.276697 0.276697 2 2 3
0.461563 0.277234 0.277234 2 2 3
0.461069 0.277772 0.277772 2 2 3
0.460574 0.278312 0.278312 2 2 3
0.460078 0.278853 0.278853 2 2 3
0.459579 0.279395 0.279395 2 2 3
0.459079 0.279939 0.279939 2 2 3
0.458577 0.280484 0.280484 2 2 3
0.458073 0.28103 0.28103 2 2 3
0.457567 0.281577 0.281577 2 2 3
0.45706 0.282126 0.282126 2 2 3
0.45655 0.282677 0.282677 2 2 3
0.456039 0.283228 0.283228 2 2 3
0.455526 0.283781 0.283781 2 2 3
0.455011 0.284336 0.284336 2 2 3
0.454494 0.284892 0.284892 2 2 3
0.453975 0.285449 0.285449 2 2 3
0.453454 0.286008 0.286008 2 2 3
0.452931 0.286568 0.286568 2 2 3
0.452407 0.28713 0.28713 2 2 3
0.45188 0.287693 0.287693 2 2 3
0.451351 0.288257 0.288257 2 2 3
0.450821 0.288823 0.288823 2 2 3
0.450288 0.289391 0.289391 2 2 3
0.449753 0.28996 0.28996 2 2 3
0.449216 0.29053 0.29053 2 2 3
0.448677 0.291102 0.291102 2 2 3
0.448137 0.291676 0.291676 2 2 3
0.447593 0.292251 0.292251 2 2 3
0.447048 0.292828 0.292828 2 2 3
0.446501 0.293406 0.293406 2 2 3
0.445952 0.293985 0.293985 2 2 3
0.4454 0.294567 0.294567 2 2 3
0.444846 0.295149 0.295149 2 2 3
0.44429 0.295734 0.295734 2 2 3
0.443732 0.29632 0.29632 2 2 3
0.443172 0.296908 0.296908 2 2 3
0.442609 0.297497 0.297497 2 2 3
0.442044 0.298088 0.298088 2 2 3
0.441477 0.29868 0.29868 2 2 3
0.440907 0.299274 0.299274 2 2 3
0.440335 0.29987 0.29987 2 2 3
0.439761 0.300468 0.300468 2 2 3
0.439185 0.301067 0.301067 2 2 3
0.438606 0.301668 0.301668 2 2 3
0.438024 0.302271 0.302271 2 2 3
0.437441 0.302875 0.302875 2 2 3
0.436854 0.303481 0.303481 2 2 3
0.436266 0.304089 0.304089 2 2 3
0.435675 0.304699 0.304699 2 2 3
0.435081 0.30531 0.30531 2 2 3
0.434485 0.305923 0.305923 2 2 3
0.433886 0.306538 0.306538 2 2 3
0.433285 0.307155 0.307155 2 2 3
0.432681 0.307774 0.307774 2 2 3
0.432074 0.308394 0.308394 2 2 3
0.431465 0.309016 0.309016 2 2 3
0.430854 0.309641 0.309641 2 2 3
0.430239 0.310267 0.310267 2 2 3
0.429622 0.310895 0.310895 2 2 3
0.429002 0.311525 0.311525 2 2 3
0.428379 0.312156 0.312156 2 2 3
0.427754 0.31279 0.31279 2 2 3
0.427126 0.313426 0.313426 2 2 3
0.426495 0.314063 0.314063 2 2 3
0.425861 0.314703 0.314703 2 2 3
0.425224 0.315344 0.315344 2 2 3
0.424585 0.315988 0.315988 2 2 3
0.423942 0.316634 0.316634 2 2 3
0.423297 0.317281 0.317281 2 2 3
0.422648 0.317931 0.317931 2 2 3
0.421997 0.318583 0.318583 2 2 3
0.421342 0.319236 0.319236 2 2 3
0.420685 0.319892 0.319892 2 2 3
0.420024 0.32055 0.32055 2 2 3
0.41936 0.32121 0.32121 2 2 3
0.418694 0.321873 0.321873 2 2 3
0.418023 0.322537 0.322537 2 2 3
0.41735 0.323204 0.323204 2 2 3
0.416674 0.323873 0.323873 2 2 3
0.415994 0.324544 0.324544 2 2 3
0.41531 0.325218 0.325218 2 2 3
0.414624 0.325893 0.325893 2 2 3
0.413934 0.326571 0.326571 2 2 3
0.413241 0.327252 0.327252 2 2 3
0.412544 0.327934 0.327934 2 2 3
0.411844 0.328619 0.328619 2 2 3
0.41114 0.329307 0.329307 2 2 3
0.410433 0.329996 0.329996 2 2 3
0.409722 0.330688 0.330688 2 2 3
0.409008 0.331383 0.331383 2 2 3
0.408289 0.33208 0.33208 2 2 3
0.407568 0.332779 0.332779 2 2 3
0.406842 0.333481 0.333481 2 2 3
0.406113 0.334186 0.334186 2 2 3
0.40538 0.334893 0.334893 2 2 3
0.404642 0.335602 0.335602 2 2 3
0.403902 0.336315 0.336315 2 2 3
0.403157 0.337029 0.337029 2 2 3
0.402408 0.337747 0.337747 2 2 3
0.401655 0.338467 0.338467 2 2 3
0.400898 0.33919 0.33919 2 2 3
0.400137 0.339915 0.339915 2 2 3
0.399372 0.340643 0.340643 2 2 3
0.398602 0.341374 0.341374 2 2 3
0.397828 0.342108 0.342108 2 2 3
0.39705 0.342845 0.342845 2 2 3
0.396268 0.343584 0.343584 2 2 3
0.395481 0.344327 0.344327 2 2 3
0.39469 0.345072 0.345072 2 2 3
0.393894 0.34582 0.34582 2 2 3
0.393094 0.346571 0.346571 2 2 3
0.392289 0.347325 0.347325 2 2 3
0.39148 0.348082 0.348082 2 2 3
0.390665 0.348842 0.348842 2 2 3
0.389846 0.349606 0.349606 2 2 3
0.389022 0.350372 0.350372 2 2 3
0.388193 0.351142 0.351142 2 2 3
0.38736 0.351914 0.351914 2 2 3
0.386521 0.35269 0.35269 2 2 3
0.385677 0.353469 0.353469 2 2 3
0.384828 0.354252 0.354252 2 2 3
0.383973 0.355038 0.355038 2 2 3
0.383114 0.355827 0.355827 2 2 3
0.382249 0.35662 0.35662 2 2 3
0.381378 0.357416 0.357416 2 2 3
0.380503 0.358215 0.358215 2 2 3
0.379621 0.359018 0.359018 2 2 3
0.378734 0.359825 0.359825 2 2 3
0.377841 0.360635 0.360635 2 2 3
0.376943 0.361449 0.361449 2 2 3
0.376038 0.362267 0.362267 2 2 3
0.375128 0.363088 0.363088 2 2 3
0.374211 0.363913 0.363913 2 2 3
0.373288 0.364742 0.364742 2 2 3
0.37236 0.365575 0.365575 2 2 3
0.371424 0.366411 0.366411 2 2 3
0.370483 0.367252 0.367252 2 2 3
0.369535 0.368097 0.368097 2 2 3
0.36858 0.368945 0.368945 2 2 3
0.367619 0.369798 0.369798 2 2 3
0.366651 0.370656 0.370656 2 2 3
0.365676 0.371517 0.371517 2 2 3
0.364694 0.372382 0.372382 2 2 3
0.363705 0.373252 0.373252 2 2 3
0.362709 0.374127 0.374127 2 2 3
0.361705 0.375006 0.375006 2 2 3
0.360694 0.375889 0.375889 2 2 3
0.359676 0.376777 0.376777 2 2 3
0.35865 0.37767 0.37767 2 2 3
0.357616 0.378567 0.378567 2 2 3
0.356574 0.379469 0.379469 2 2 3
0.355524 0.380376 0.380376 2 2 3
0.354466 0.381288 0.381288 2 2 3
0.353399 0.382205 0.382205 2 2 3
0.352324 0.383128 0.383128 2 2 3
0.351241 0.384055 0.384055 2 2 3
0.350149 0.384987 0.384987 2 2 3
0.349048 0.385925 0.385925 2 2 3
0.347937 0.386868 0.386868 2 2 3
0.346818 0.387817 0.387817 2 2 3
0.345689 0.388771 0.388771 2 2 3
0.344551 0.389731 0.389731 2 2 3
0.343403 0.390697 0.390697 2 2 3
0.342245 0.391669 0.391669 2 2 3
0.341077 0.392646 0.392646 2 2 3
0.339898 0.39363 0.39363 2 2 3
0.33871 0.394619 0.394619 2 2 3
0.33751 0.395615 0.395615 2 2 3
0.3363 0.396618 0.396618 2 2 3
0.335078 0.397627 0.397627 2 2 3
0.333845 0.398642 0.398642 2 2 3
0.332601 0.399664 0.399664 2 2 3
0.331344 0.400693 0.400693 2 2 3
0.330076 0.401729 0.401729 2 2 3
0.328795 0.402772 0.402772 2 2 3
0.327502 0.403823 0.403823 2 2 3
0.326196 0.404881 0.404881 2 2 3
0.324877 0.405946 0.405946 2 2 3
0.323544 0.407019 0.407019 2 2 3
0.322198 0.4081 0.4081 2 2 3
0.320837 0.409188 0.409188 2 2 3
0.319462 0.410285 0.410285 2 2 3
0.318073 0.411391 0.411391 2 2 3
0.316668 0.412505 0.412505 2 2 3
0.315248 0.413627 0.413627 2 2 3
0.313813 0.414759 0.414759 2 2 3
0.312361 0.415899 0.415899 2 2 3
0.310892 0.417049 0.417049 2 2 3
0.309407 0.418208 0.418208 2 2 3
0.307904 0.419377 0.419377 2 2 3
0.306383 0.420557 0.420557 2 2 3
0.304843 0.421746 0.421746 2 2 3
0.303285 0.422946 0.422946 2 2 3
0.301707 0.424156 0.424156 2 2 3
0.30011 0.425378 0.425378 2 2 3
0.298492 0.42661 0.42661 2 2 3
0.296852 0.427855 0.427855 2 2 3
0.295191 0.429111 0.429111 2 2 3
0.293508 0.43038 0.43038 2 2 3
0.291801 0.431661 0.431661 2 2 3
0.290071 0.432955 0.432955 2 2 3
0.288315 0.434263 0.434263 2 2 3
0.286535 0.435584 0.435584 2 2 3
0.284728 0.436919 0.436919 2 2 3
0.282894 0.438269 0.438269 2 2 3
0.281032 0.439634 0.439634 2 2 3
0.279141 0.441014 0.441014 2 2 3
0.27722 0.442411 0.442411 2 2 3
0.275267 0.443824 0.443824 2 2 3
0.273283 0.445254 0.445254 2 2 3
0.271264 0.446702 0.446702 2 2 3
0.269211 0.448169 0.448169 2 2 3
0.267121 0.449655 0.449655 2 2 3
0.264993 0.45116 0.45116 2 2 3
0.262825 0.452686 0.452686 2 2 3
0.260617 0.454234 0.454234 2 2 3
0.258365 0.455804 0.455804 2 2 3
0.256068 0.457397 0.457397 2 2 3
0.253724 0.459015 0.459015 2 2 3
0.25133 0.460658 0.460658 2 2 3
0.248885 0.462328 0.462328 2 2 3
0.246384 0.464026 0.464026 2 2 3
0.243826 0.465753 0.465753 2 2 3
0.241207 0.467511 0.467511 2 2 3
0.238523 0.469302 0.469302 2 2 3
0.235771 0.471127 0.471127 2 2 3
0.232947 0.472988 0.472988 2 2 3
0.230046 0.474888 0.474888 2 2 3
0.227062 0.476829 0.476829 2 2 3
0.223991 0.478814 0.478814 2 2 3
0.220825 0.480846 0.480846 2 2 3
0.217558 0.482927 0.482927 2 2 3
0.21418 0.485063 0.485063 2 2 3
0.21407 0.485063 0.485063 2 2 3
0.214042 0.485134 0.485134 2 2 3
0.214038 0.485137 0.485137 2 2 3
0.214038 0.485615 0.485615 2 2 3
0.21407 0.485063 0.485063 2 2 3
0.213795 0.48529 0.48529 2 2 3
0.21352 0.485463 0.485463 2 2 3
0.212969 0.485809 0.485809 2 2 3
0.211861 0.486505 0.486505 2 2 3
0.20962 0.487909 0.487909 2 2 3
0.206034 0.490144 0.490144 2 2 3
0.20212 0.492539 0.492539 2 2 3
0.198156 0.494957 0.494957 2 2 3
0.194012 0.497461 0.497461 2 2 3
0.189669 0.500061 0.500061 2 2 3
0.185101 0.502768 0.502768 2 2 3
0.180277 0.505597 0.505597 2 2 3
0.175159 0.508564 0.508564 2 2 3
0.169695 0.511694 0.511694 2 2 3
0.163825 0.515013 0.515013 2 2 3
0.157456 0.518564 0.518564 2 2 3
0.150472 0.5224 0.5224 2 2 3
0.142691 0.526601 0.526601 2 2 3
0.133825 0.531298 0.531298 2 2 3
0.123368 0.536716 0.536716 2 2 3
0.110244 0.543335 0.543335 2 2 3
0.0906715 0.552832 0.552832 2 2 3
0.0704867 0.562188 0.562188 2 2 3
0.063254 0.565435 0.565435 2 2 3
