0.894705 0 0 2 3 3
0.894449 0.000751422 0.000751422 2 3 3
0.89421 0.00145273 0.00145273 2 3 3
0.893723 0.00287786 0.00287786 2 3 3
0.892759 0.00569276 0.00569276 2 3 3
0.890869 0.0111865 0.0111865 2 3 3
0.888034 0.0193327 0.0193327 2 3 3
0.885409 0.0267125 0.0267125 2 3 3
0.882934 0.0335525 0.0335525 2 3 3
0.880564 0.0400253 0.0400253 2 3 3
0.878286 0.0461736 0.0461736 2 3 3
0.876091 0.052032 0.052032 2 3 3
0.873971 0.0576302 0.0576302 2 3 3
0.87192 0.0629931 0.0629931 2 3 3
0.869933 0.0681424 0.0681424 2 3 3
0.868003 0.0730966 0.0730966 2 3 3
0.866126 0.0778717 0.0778717 2 3 3
0.864299 0.0824821 0.0824821 2 3 3
0.862518 0.08694 0.08694 2 3 3
0.86078 0.0912566 0.0912566 2 3 3
0.859083 0.0954416 0.0954416 2 3 3
0.857423 0.0995039 0.0995039 2 3 3
0.855799 0.103451 0.103451 2 3 3
0.854209 0.107291 0.107291 2 3 3
0.85265 0.11103 0.11103 2 3 3
0.851122 0.114673 0.114673 2 3 3
0.849623 0.118226 0.118226 2 3 3
0.848151 0.121693 0.121693 2 3 3
0.846704 0.12508 0.12508 2 3 3
0.845283 0.128391 0.128391 2 3 3
0.843885 0.131629 0.131629 2 3 3
0.84251 0.134797 0.134797 2 3 3
0.841157 0.137899 0.137899 2 3 3
0.839824 0.140939 0.140939 2 3 3
0.838512 0.143918 0.143918 2 3 3
0.837219 0.14684 0.14684 2 3 3
0.835944 0.149706 0.149706 2 3 3
0.834688 0.152519 0.152519 2 3 3
0.833448 0.155282 0.155282 2 3 3
0.832225 0.157996 0.157996 2 3 3
0.831019 0.160663 0.160663 2 3 3
0.829827 0.163285 0.163285 2 3 3
0.828651 0.165864 0.165864 2 3 3
0.82749 0.168401 0.168401 2 3 3
0.826342 0.170897 0.170897 2 3 3
0.825208 0.173355 0.173355 2 3 3
0.824088 0.175774 0.175774 2 3 3
0.82298 0.178158 0.178158 2 3 3
0.821885 0.180506 0.180506 2 3 3
0.820802 0.18282 0.18282 2 3 3
0.819731 0.185101 0.185101 2 3 3
0.818671 0.18735 0.18735 2 3 3
0.817623 0.189568 0.189568 2 3 3
0.816585 0.191756 0.191756 2 3 3
0.815559 0.193915 0.193915 2 3 3
0.814542 0.196046 0.196046 2 3 3
0.813536 0.198149 0.198149 2 3 3
0.81254 0.200225 0.200225 2 3 3
0.811553 0.202276 0.202276 2 3 3
0.810576 0.2043 0.2043 2 3 3
0.809608 0.206301 0.206301 2 3 3
0.808649 0.208277 0.208277 2 3 3
0.807699 0.21023 0.21023 2 3 3
0.806757 0.21216 0.21216 2 3 3
0.805824 0.214068 0.214068 2 3 3
0.804899 0.215955 0.215955 2 3 3
0.803982 0.21782 0.21782 2 3 3
0.803074 0.219665 0.219665 2 3 3
0.802173 0.221489 0.221489 2 3 3
0.801279 0.223294 0.223294 2 3 3
0.800393 0.22508 0.22508 2 3 3
0.799515 0.226847 0.226847 2 3 3
0.798643 0.228596 0.228596 2 3 3
0.797779 0.230327 0.230327 2 3 3
0.796921 0.23204 0.23204 2 3 3
0.796071 0.233736 0.233736 2 3 3
0.795227 0.235416 0.235416 2 3 3
0.794389 0.237079 0.237079 2 3 3
0.793558 0.238726 0.238726 2 3 3
0.792734 0.240357 0.240357 2 3 3
0.791915 0.241973 0.241973 2 3 3
0.791103 0.243574 0.243574 2 3 3
0.790296 0.24516 0.24516 2 3 3
0.789496 0.246731 0.246731 2 3 3
0.788702 0.248289 0.248289 2 3 3
0.787913 0.249832 0.249832 2 3 3
0.787129 0.251362 0.251362 2 3 3
0.786352 0.252878 0.252878 2 3 3
0.78558 0.254381 0.254381 2 3 3
0.784813 0.255871 0.255871 2 3 3
0.784051 0.257349 0.257349 2 3 3
0.783295 0.258814 0.258814 2 3 3
0.782544 0.260267 0.260267 2 3 3
0.781798 0.261708 0.261708 2 3 3
0.781057 0.263137 0.263137 2 3 3
0.780321 0.264554 0.264554 2 3 3
0.779589 0.265961 0.265961 2 3 3
0.778863 0.267356 0.267356 2 3 3
0.778141 0.26874 0.26874 2 3 3
0.777424 0.270113 0.270113 2 3 3
0.776712 0.271475 0.271475 2 3 3
0.776004 0.272827 0.272827 2 3 3
0.7753 0.274169 0.274169 2 3 3
0.774601 0.275501 0.275501 2 3 3
0.773907 0.276823 0.276823 2 3 3
0.773216 0.278135 0.278135 2 3 3
0.77253 0.279437 0.279437 2 3 3
0.771848 0.28073 0.28073 2 3 3
0.771171 0.282013 0.282013 2 3 3
0.770497 0.283288 0.283288 2 3 3
0.769827 0.284553 0.284553 2 3 3
0.769162 0.285809 0.285809 2 3 3
0.7685 0.287057 0.287057 2 3 3
0.767842 0.288295 0.288295 2 3 3
0.767188 0.289526 0.289526 2 3 3
0.766538 0.290748 0.290748 2 3 3
0.765892 0.291961 0.291961 2 3 3
0.76525 0.293167 0.293167 2 3 3
0.764611 0.294364 0.294364 2 3 3
0.763975 0.295554 0.295554 2 3 3
0.763344 0.296735 0.296735 2 3 3
0.762716 0.297909 0.297909 2 3 3
0.762091 0.299076 0.299076 2 3 3
0.76147 0.300235 0.300235 2 3 3
0.760853 0.301386 0.301386 2 3 3
0.760239 0.30253 0.30253 2 3 3
0.759628 0.303667 0.303667 2 3 3
0.759021 0.304797 0.304797 2 3 3
0.758417 0.30592 0.30592 2 3 3
0.757816 0.307036 0.307036 2 3 3
0.757218 0.308145 0.308145 2 3 3
0.756624 0.309247 0.309247 2 3 3
0.756033 0.310343 0.310343 2 3 3
0.755445 0.311432 0.311432 2 3 3
0.75486 0.312514 0.312514 2 3 3
0.754278 0.313591 0.313591 2 3 3
0.753699 0.314661 0.314661 2 3 3
0.753124 0.315724 0.315724 2 3 3
0.752551 0.316782 0.316782 2 3 3
0.751982 0.317833 0.317833 2 3 3
0.751415 0.318878 0.318878 2 3 3
0.750851 0.319918 0.319918 2 3 3
0.75029 0.320951 0.320951 2 3 3
0.749732 0.321979 0.321979 2 3 3
0.749177 0.323001 0.323001 2 3 3
0.748625 0.324017 0.324017 2 3 3
0.748075 0.325028 0.325028 2 3 3
0.747528 0.326033 0.326033 2 3 3
0.746984 0.327033 0.327033 2 3 3
0.746443 0.328027 0.328027 2 3 3
0.745904 0.329016 0.329016 2 3 3
0.745368 0.33 0.33 2 3 3
0.744835 0.330978 0.330978 2 3 3
0.744305 0.331951 0.331951 2 3 3
0.743777 0.332919 0.332919 2 3 3
0.743251 0.333882 0.333882 2 3 3
0.742728 0.33484 0.33484 2 3 3
0.742208 0.335793 0.335793 2 3 3
0.74169 0.336742 0.336742 2 3 3
0.741175 0.337685 0.337685 2 3 3
0.740662 0.338623 0.338623 2 3 3
0.740152 0.339557 0.339557 2 3 3
0.739644 0.340486 0.340486 2 3 3
0.739139 0.341411 0.341411 2 3 3
0.738636 0.342331 0.342331 2 3 3
0.738135 0.343246 0.343246 2 3 3
0.737637 0.344157 0.344157 2 3 3
0.737141 0.345063 0.345063 2 3 3
0.736648 0.345965 0.345965 2 3 3
0.736157 0.346863 0.346863 2 3 3
0.735668 0.347756 0.347756 2 3 3
0.735181 0.348645 0.348645 2 3 3
0.734697 0.34953 0.34953 2 3 3
0.734215 0.350411 0.350411 2 3 3
0.733735 0.351287 0.351287 2 3 3
0.733258 0.352159 0.352159 2 3 3
0.732782 0.353028 0.353028 2 3 3
0.732309 0.353892 0.353892 2 3 3
0.731838 0.354752 0.354752 2 3 3
0.731369 0.355608 0.355608 2 3 3
0.730903 0.356461 0.356461 2 3 3
0.730438 0.357309 0.357309 2 3 3
0.729976 0.358154 0.358154 2 3 3
0.729516 0.358995 0.358995 2 3 3
0.729058 0.359832 0.359832 2 3 3
0.728601 0.360665 0.360665 2 3 3
0.728147 0.361495 0.361495 2 3 3
0.727696 0.362321 0.362321 2 3 3
0.727246 0.363143 0.363143 2 3 3
0.726798 0.363962 0.363962 2 3 3
0.726352 0.364777 0.364777 2 3 3
0.725908 0.365589 0.365589 2 3 3
0.725466 0.366397 0.366397 2 3 3
0.725026 0.367202 0.367202 2 3 3
0.724589 0.368003 0.368003 2 3 3
0.724153 0.368801 0.368801 2 3 3
0.723719 0.369595 0.369595 2 3 3
0.723287 0.370387 0.370387 2 3 3
0.722856 0.371174 0.371174 2 3 3
0.722428 0.371959 0.371959 2 3 3
0.722002 0.37274 0.37274 2 3 3
0.721577 0.373518 0.373518 2 3 3
0.721155 0.374293 0.374293 2 3 3
0.720734 0.375065 0.375065 2 3 3
0.720315 0.375833 0.375833 2 3 3
0.719898 0.376599 0.376599 2 3 3
0.719483 0.377361 0.377361 2 3 3
0.71907 0.37812 0.37812 2 3 3
0.718658 0.378876 0.378876 2 3 3
0.718249 0.379629 0.379629 2 3 3
0.717841 0.380379 0.380379 2 3 3
0.717435 0.381127 0.381127 2 3 3
0.71703 0.381871 0.381871 2 3 3
0.716628 0.382612 0.382612 2 3 3
0.716227 0.38335 0.38335 2 3 3
0.715828 0.384086 0.384086 2 3 3
0.71543 0.384819 0.384819 2 3 3
0.715035 0.385548 0.385548 2 3 3
0.714641 0.386275 0.386275 2 3 3
0.714249 0.387 0.387 2 3 3
0.713858 0.387721 0.387721 2 3 3
0.713469 0.38844 0.38844 2 3 3
0.713082 0.389156 0.389156 2 3 3
0.712697 0.389869 0.389869 2 3 3
0.712313 0.39058 0.39058 2 3 3
0.711931 0.391288 0.391288 2 3 3
0.71155 0.391993 0.391993 2 3 3
0.711172 0.392696 0.392696 2 3 3
0.710794 0.393396 0.393396 2 3 3
0.710419 0.394094 0.394094 2 3 3
0.710045 0.394789 0.394789 2 3 3
0.709673 0.395481 0.395481 2 3 3
0.709302 0.396171 0.396171 2 3 3
0.708933 0.396858 0.396858 2 3 3
0.708565 0.397543 0.397543 2 3 3
0.708199 0.398226 0.398226 2 3 3
0.707835 0.398906 0.398906 2 3 3
0.707472 0.399583 0.399583 2 3 3
0.707111 0.400259 0.400259 2 3 3
0.706751 0.400931 0.400931 2 3 3
0.706393 0.401602 0.401602 2 3 3
0.706036 0.40227 0.40227 2 3 3
0.705681 0.402936 0.402936 2 3 3
0.705328 0.403599 0.403599 2 3 3
0.704976 0.40426 0.40426 2 3 3
0.704625 0.404919 0.404919 2 3 3
0.704276 0.405575 0.405575 2 3 3
0.703929 0.40623 0.40623 2 3 3
0.703583 0.406882 0.406882 2 3 3
0.703238 0.407532 0.407532 2 3 3
0.702895 0.408179 0.408179 2 3 3
0.702554 0.408825 0.408825 2 3 3
0.702213 0.409468 0.409468 2 3 3
0.701875 0.410109 0.410109 2 3 3
0.701538 0.410748 0.410748 2 3 3
0.701202 0.411384 0.411384 2 3 3
0.700867 0.412019 0.412019 2 3 3
0.700535 0.412652 0.412652 2 3 3
0.700203 0.413282 0.413282 2 3 3
0.699873 0.41391 0.41391 2 3 3
0.699545 0.414537 0.414537 2 3 3
0.699217 0.415161 0.415161 2 3 3
0.698892 0.415783 0.415783 2 3 3
0.698567 0.416403 0.416403 2 3 3
0.698244 0.417022 0.417022 2 3 3
0.697923 0.417638 0.417638 2 3 3
0.697603 0.418252 0.418252 2 3 3
0.697284 0.418864 0.418864 2 3 3
0.696966 0.419475 0.419475 2 3 3
0.69665 0.420083 0.420083 2 3 3
0.696336 0.420689 0.420689 2 3 3
0.696022 0.421294 0.421294 2 3 3
0.69571 0.421896 0.421896 2 3 3
0.6954 0.422497 0.422497 2 3 3
0.69509 0.423096 0.423096 2 3 3
0.694783 0.423693 0.423693 2 3 3
0.694476 0.424288 0.424288 2 3 3
0.694171 0.424881 0.424881 2 3 3
0.693867 0.425472 0.425472 2 3 3
0.693564 0.426062 0.426062 2 3 3
0.693263 0.42665 0.42665 2 3 3
0.692963 0.427236 0.427236 2 3 3
0.692664 0.42782 0.42782 2 3 3
0.692367 0.428402 0.428402 2 3 3
0.692071 0.428983 0.428983 2 3 3
0.691776 0.429562 0.429562 2 3 3
0.691483 0.430139 0.430139 2 3 3
0.691191 0.430714 0.430714 2 3 3
0.6909 0.431288 0.431288 2 3 3
0.69061 0.43186 0.43186 2 3 3
0.690322 0.43243 0.43243 2 3 3
0.690035 0.432998 0.432998 2 3 3
0.689749 0.433565 0.433565 2 3 3
0.689464 0.43413 0.43413 2 3 3
0.689181 0.434694 0.434694 2 3 3
0.688899 0.435256 0.435256 2 3 3
0.688618 0.435816 0.435816 2 3 3
0.688339 0.436375 0.436375 2 3 3
0.688061 0.436931 0.436931 2 3 3
0.687784 0.437487 0.437487 2 3 3
0.687508 0.438041 0.438041 2 3 3
0.687233 0.438593 0.438593 2 3 3
0.68696 0.439143 0.439143 2 3 3
0.686688 0.439692 0.439692 2 3 3
0.686417 0.44024 0.44024 2 3 3
0.686147 0.440785 0.440785 2 3 3
0.685879 0.44133 0.44133 2 3 3
0.685612 0.441873 0.441873 2 3 3
0.685346 0.442414 0.442414 2 3 3
0.685081 0.442953 0.442953 2 3 3
0.684817 0.443492 0.443492 2 3 3
0.684555 0.444028 0.444028 2 3 3
0.684294 0.444564 0.444564 2 3 3
0.684034 0.445097 0.445097 2 3 3
0.683775 0.445629 0.445629 2 3 3
0.683517 0.44616 0.44616 2 3 3
0.683261 0.446689 0.446689 2 3 3
0.683005 0.447217 0.447217 2 3 3
0.682751 0.447744 0.447744 2 3 3
0.682498 0.448269 0.448269 2 3 3
0.682246 0.448792 0.448792 2 3 3
0.681996 0.449314 0.449314 2 3 3
0.681746 0.449835 0.449835 2 3 3
0.681498 0.450354 0.450354 2 3 3
0.681251 0.450872 0.450872 2 3 3
0.681005 0.451388 0.451388 2 3 3
0.68076 0.451903 0.451903 2 3 3
0.680517 0.452417 0.452417 2 3 3
0.680274 0.452929 0.452929 2 3 3
0.680033 0.45344 0.45344 2 3 3
0.679792 0.45395 0.45395 2 3 3
0.679553 0.454458 0.454458 2 3 3
0.679315 0.454965 0.454965 2 3 3
0.679078 0.455471 0.455471 2 3 3
0.678843 0.455975 0.455975 2 3 3
0.678608 0.456478 0.456478 2 3 3
0.678375 0.456979 0.456979 2 3 3
0.678142 0.45748 0.45748 2 3 3
0.677911 0.457979 0.457979 2 3 3
0.677681 0.458476 0.458476 2 3 3
0.677452 0.458973 0.458973 2 3 3
0.677224 0.459468 0.459468 2 3 3
0.676997 0.459962 0.459962 2 3 3
0.676772 0.460454 0.460454 2 3 3
0.676547 0.460946 0.460946 2 3 3
0.676323 0.461436 0.461436 2 3 3
0.676101 0.461925 0.461925 2 3 3
0.67588 0.462412 0.462412 2 3 3
0.67566 0.462899 0.462899 2 3 3
0.675441 0.463384 0.463384 2 3 3
0.675223 0.463868 0.463868 2 3 3
0.675006 0.46435 0.46435 2 3 3
0.67479 0.464832 0.464832 2 3 3
0.674575 0.465312 0.465312 2 3 3
0.674361 0.465791 0.465791 2 3 3
0.674149 0.466269 0.466269 2 3 3
0.673937 0.466746 0.466746 2 3 3
0.673727 0.467221 0.467221 2 3 3
0.673517 0.467696 0.467696 2 3 3
0.673309 0.468169 0.468169 2 3 3
0.673102 0.468641 0.468641 2 3 3
0.672896 0.469112 0.469112 2 3 3
0.672691 0.469581 0.469581 2 3 3
0.672487 0.47005 0.47005 2 3 3
0.672284 0.470517 0.470517 2 3 3
0.672082 0.470984 0.470984 2 3 3
0.671881 0.471449 0.471449 2 3 3
0.671681 0.471913 0.471913 2 3 3
0.671482 0.472376 0.472376 2 3 3
0.671284 0.472838 0.472838 2 3 3
0.671088 0.473298 0.473298 2 3 3
0.670892 0.473758 0.473758 2 3 3
0.670698 0.474216 0.474216 2 3 3
0.670504 0.474674 0.474674 2 3 3
0.670312 0.47513 0.47513 2 3 3
0.67012 0.475585 0.475585 2 3 3
0.66993 0.47604 0.47604 2 3 3
0.66974 0.476493 0.476493 2 3 3
0.669552 0.476945 0.476945 2 3 3
0.669365 0.477396 0.477396 2 3 3
0.669178 0.477845 0.477845 2 3 3
0.668993 0.478294 0.478294 2 3 3
0.668809 0.478742 0.478742 2 3 3
0.668626 0.479189 0.479189 2 3 3
0.668443 0.479635 0.479635 2 3 3
0.668262 0.480079 0.480079 2 3 3
0.668082 0.480523 0.480523 2 3 3
0.667903 0.480966 0.480966 2 3 3
0.667725 0.481407 0.481407 2 3 3
0.667548 0.481848 0.481848 2 3 3
0.667372 0.482288 0.482288 2 3 3
0.667197 0.482726 0.482726 2 3 3
0.667023 0.483164 0.483164 2 3 3
0.66685 0.4836 0.4836 2 3 3
0.666678 0.484036 0.484036 2 3 3
0.666507 0.484471 0.484471 2 3 3
0.666337 0.484904 0.484904 2 3 3
0.666168 0.485337 0.485337 2 3 3
0.666 0.485769 0.485769 2 3 3
0.665833 0.486199 0.486199 2 3 3
0.665667 0.486629 0.486629 2 3 3
0.665502 0.487058 0.487058 2 3 3
0.665338 0.487486 0.487486 2 3 3
0.665175 0.487913 0.487913 2 3 3
0.665013 0.488339 0.488339 2 3 3
0.664851 0.488764 0.488764 2 3 3
0.664691 0.489188 0.489188 2 3 3
0.664532 0.489611 0.489611 2 3 3
0.664374 0.490033 0.490033 2 3 3
0.664217 0.490454 0.490454 2 3 3
0.664061 0.490875 0.490875 2 3 3
0.663906 0.491294 0.491294 2 3 3
0.663752 0.491713 0.491713 2 3 3
0.663599 0.49213 0.49213 2 3 3
0.663447 0.492547 0.492547 2 3 3
0.663296 0.492963 0.492963 2 3 3
0.663145 0.493378 0.493378 2 3 3
0.662996 0.493792 0.493792 2 3 3
0.662848 0.494205 0.494205 2 3 3
0.662701 0.494617 0.494617 2 3 3
0.662555 0.495028 0.495028 2 3 3
0.662409 0.495439 0.495439 2 3 3
0.662265 0.495848 0.495848 2 3 3
0.662122 0.496257 0.496257 2 3 3
0.661979 0.496665 0.496665 2 3 3
0.661838 0.497072 0.497072 2 3 3
0.661698 0.497478 0.497478 2 3 3
0.661558 0.497883 0.497883 2 3 3
0.66142 0.498288 0.498288 2 3 3
0.661282 0.498691 0.498691 2 3 3
0.661146 0.499094 0.499094 2 3 3
0.66101 0.499496 0.499496 2 3 3
0.660875 0.499897 0.499897 2 3 3
0.660742 0.500297 0.500297 2 3 3
0.660609 0.500696 0.500696 2 3 3
0.660477 0.501095 0.501095 2 3 3
0.660347 0.501492 0.501492 2 3 3
0.660217 0.501889 0.501889 2 3 3
0.660088 0.502285 0.502285 2 3 3
0.65996 0.502681 0.502681 2 3 3
0.659833 0.503075 0.503075 2 3 3
0.659707 0.503469 0.503469 2 3 3
0.659582 0.503861 0.503861 2 3 3
0.659458 0.504253 0.504253 2 3 3
0.659335 0.504645 0.504645 2 3 3
0.659213 0.505035 0.505035 2 3 3
0.659092 0.505425 0.505425 2 3 3
0.658971 0.505813 0.505813 2 3 3
0.658852 0.506201 0.506201 2 3 3
0.658734 0.506589 0.506589 2 3 3
0.658617 0.506975 0.506975 2 3 3
0.6585 0.507361 0.507361 2 3 3
0.658385 0.507746 0.507746 2 3 3
0.65827 0.50813 0.50813 2 3 3
0.658157 0.508513 0.508513 2 3 3
0.658044 0.508896 0.508896 2 3 3
0.657932 0.509277 0.509277 2 3 3
0.657822 0.509658 0.509658 2 3 3
0.657712 0.510039 0.510039 2 3 3
0.657603 0.510418 0.510418 2 3 3
0.657495 0.510797 0.510797 2 3 3
0.657388 0.511175 0.511175 2 3 3
0.657282 0.511552 0.511552 2 3 3
0.657177 0.511929 0.511929 2 3 3
0.657073 0.512305 0.512305 2 3 3
0.65697 0.51268 0.51268 2 3 3
0.656868 0.513054 0.513054 2 3 3
0.656766 0.513428 0.513428 2 3 3
0.656666 0.513801 0.513801 2 3 3
0.656567 0.514173 0.514173 2 3 3
0.656468 0.514544 0.514544 2 3 3
0.656371 0.514915 0.514915 2 3 3
0.656274 0.515285 0.515285 2 3 3
0.656178 0.515654 0.515654 2 3 3
0.656084 0.516023 0.516023 2 3 3
0.65599 0.516391 0.516391 2 3 3
0.655897 0.516758 0.516758 2 3 3
0.655805 0.517124 0.517124 2 3 3
0.655714 0.51749 0.51749 2 3 3
0.655624 0.517855 0.517855 2 3 3
0.655535 0.518219 0.518219 2 3 3
0.655447 0.518583 0.518583 2 3 3
0.65536 0.518946 0.518946 2 3 3
0.655274 0.519308 0.519308 2 3 3
0.655188 0.51967 0.51967 2 3 3
0.655104 0.520031 0.520031 2 3 3
0.655021 0.520391 0.520391 2 3 3
0.654938 0.520751 0.520751 2 3 3
0.654856 0.521109 0.521109 2 3 3
0.654776 0.521468 0.521468 2 3 3
0.654696 0.521825 0.521825 2 3 3
0.654617 0.522182 0.522182 2 3 3
0.65454 0.522538 0.522538 2 3 3
0.654463 0.522894 0.522894 2 3 3
0.654387 0.523248 0.523248 2 3 3
0.654312 0.523603 0.523603 2 3 3
0.654238 0.523956 0.523956 2 3 3
0.654164 0.524309 0.524309 2 3 3
0.654092 0.524661 0.524661 2 3 3
0.654021 0.525013 0.525013 2 3 3
0.653951 0.525364 0.525364 2 3 3
0.653881 0.525714 0.525714 2 3 3
0.653813 0.526064 0.526064 2 3 3
0.653745 0.526413 0.526413 2 3 3
0.653678 0.526761 0.526761 2 3 3
0.653613 0.527109 0.527109 2 3 3
0.653548 0.527456 0.527456 2 3 3
0.653484 0.527802 0.527802 2 3 3
0.653421 0.528148 0.528148 2 3 3
0.653359 0.528493 0.528493 2 3 3
0.653298 0.528838 0.528838 2 3 3
0.653238 0.529182 0.529182 2 3 3
0.653179 0.529525 0.529525 2 3 3
0.653121 0.529868 0.529868 2 3 3
0.653063 0.53021 0.53021 2 3 3
0.653007 0.530551 0.530551 2 3 3
0.652952 0.530892 0.530892 2 3 3
0.652897 0.531232 0.531232 2 3 3
0.652843 0.531572 0.531572 2 3 3
0.652791 0.531911 0.531911 2 3 3
0.652739 0.532249 0.532249 2 3 3
0.652688 0.532587 0.532587 2 3 3
0.652639 0.532924 0.532924 2 3 3
0.65259 0.533261 0.533261 2 3 3
0.652542 0.533597 0.533597 2 3 3
0.652495 0.533932 0.533932 2 3 3
0.652449 0.534267 0.534267 2 3 3
0.652403 0.534602 0.534602 2 3 3
0.652359 0.534935 0.534935 2 3 3
0.652316 0.535268 0.535268 2 3 3
0.652273 0.535601 0.535601 2 3 3
0.652232 0.535933 0.535933 2 3 3
0.652191 0.536264 0.536264 2 3 3
0.652152 0.536595 0.536595 2 3 3
0.652113 0.536925 0.536925 2 3 3
0.652076 0.537254 0.537254 2 3 3
0.652039 0.537583 0.537583 2 3 3
0.652003 0.537912 0.537912 2 3 3
0.651968 0.53824 0.53824 2 3 3
0.651934 0.538567 0.538567 2 3 3
0.651901 0.538894 0.538894 2 3 3
0.651869 0.53922 0.53922 2 3 3
0.651838 0.539546 0.539546 2 3 3
0.651808 0.539871 0.539871 2 3 3
0.651778 0.540195 0.540195 2 3 3
0.65175 0.540519 0.540519 2 3 3
0.651723 0.540842 0.540842 2 3 3
0.651696 0.541165 0.541165 2 3 3
0.651671 0.541488 0.541488 2 3 3
0.651646 0.541809 0.541809 2 3 3
0.651623 0.54213 0.54213 2 3 3
0.6516 0.542451 0.542451 2 3 3
0.651578 0.542771 0.542771 2 3 3
0.651557 0.543091 0.543091 2 3 3
0.651537 0.54341 0.54341 2 3 3
0.651518 0.543728 0.543728 2 3 3
0.6515 0.544046 0.544046 2 3 3
0.651483 0.544364 0.544364 2 3 3
0.651467 0.54468 0.54468 2 3 3
0.651452 0.544997 0.544997 2 3 3
0.651438 0.545313 0.545313 2 3 3
0.651425 0.545628 0.545628 2 3 3
0.651412 0.545943 0.545943 2 3 3
0.651401 0.546257 0.546257 2 3 3
0.65139 0.546571 0.546571 2 3 3
0.651381 0.546884 0.546884 2 3 3
0.651372 0.547196 0.547196 2 3 3
0.651365 0.547508 0.547508 2 3 3
0.651358 0.54782 0.54782 2 3 3
0.651352 0.548131 0.548131 2 3 3
0.651348 0.548442 0.548442 2 3 3
0.651344 0.548752 0.548752 2 3 3
0.651341 0.549061 0.549061 2 3 3
0.651339 0.54937 0.54937 2 3 3
0.651338 0.549679 0.549679 2 3 3
0.651338 0.549987 0.549987 2 3 3
0.651339 0.550295 0.550295 2 3 3
0.651341 0.550602 0.550602 2 3 3
0.651344 0.550908 0.550908 2 3 3
0.651348 0.551214 0.551214 2 3 3
0.651352 0.55152 0.55152 2 3 3
0.651358 0.551825 0.551825 2 3 3
0.651365 0.552129 0.552129 2 3 3
0.651372 0.552433 0.552433 2 3 3
0.651381 0.552737 0.552737 2 3 3
0.65139 0.55304 0.55304 2 3 3
0.651401 0.553343 0.553343 2 3 3
0.651412 0.553645 0.553645 2 3 3
0.651425 0.553946 0.553946 2 3 3
0.651438 0.554247 0.554247 2 3 3
0.651452 0.554548 0.554548 2 3 3
0.651468 0.554848 0.554848 2 3 3
0.651484 0.555148 0.555148 2 3 3
0.651501 0.555447 0.555447 2 3 3
0.651519 0.555746 0.555746 2 3 3
0.651538 0.556044 0.556044 2 3 3
0.651559 0.556342 0.556342 2 3 3
0.65158 0.556639 0.556639 2 3 3
0.651602 0.556936 0.556936 2 3 3
0.651625 0.557232 0.557232 2 3 3
0.651649 0.557528 0.557528 2 3 3
0.651673 0.557823 0.557823 2 3 3
0.651699 0.558118 0.558118 2 3 3
0.651726 0.558413 0.558413 2 3 3
0.651754 0.558707 0.558707 2 3 3
0.651783 0.559 0.559 2 3 3
0.651813 0.559293 0.559293 2 3 3
0.651843 0.559586 0.559586 2 3 3
0.651875 0.559878 0.559878 2 3 3
0.651908 0.56017 0.56017 2 3 3
0.651942 0.560461 0.560461 2 3 3
0.651976 0.560752 0.560752 2 3 3
0.652012 0.561042 0.561042 2 3 3
0.652048 0.561332 0.561332 2 3 3
0.652086 0.561621 0.561621 2 3 3
0.652125 0.56191 0.56191 2 3 3
0.652164 0.562199 0.562199 2 3 3
0.652205 0.562487 0.562487 2 3 3
0.652246 0.562774 0.562774 2 3 3
0.652289 0.563062 0.563062 2 3 3
0.652332 0.563348 0.563348 2 3 3
0.652377 0.563635 0.563635 2 3 3
0.652422 0.563921 0.563921 2 3 3
0.652469 0.564206 0.564206 2 3 3
0.652516 0.564491 0.564491 2 3 3
0.652564 0.564775 0.564775 2 3 3
0.652614 0.56506 0.56506 2 3 3
0.652664 0.565343 0.565343 2 3 3
0.652716 0.565626 0.565626 2 3 3
0.652768 0.565909 0.565909 2 3 3
0.652821 0.566192 0.566192 2 3 3
0.652876 0.566474 0.566474 2 3 3
0.652931 0.566755 0.566755 2 3 3
0.652987 0.567036 0.567036 2 3 3
0.653045 0.567317 0.567317 2 3 3
0.653103 0.567597 0.567597 2 3 3
0.653163 0.567877 0.567877 2 3 3
0.653223 0.568156 0.568156 2 3 3
0.653284 0.568435 0.568435 2 3 3
0.653347 0.568714 0.568714 2 3 3
0.65341 0.568992 0.568992 2 3 3
0.653474 0.569269 0.569269 2 3 3
0.65354 0.569547 0.569547 2 3 3
0.653606 0.569824 0.569824 2 3 3
0.653674 0.5701 0.5701 2 3 3
0.653742 0.570376 0.570376 2 3 3
0.653811 0.570652 0.570652 2 3 3
0.653882 0.570927 0.570927 2 3 3
0.653953 0.571202 0.571202 2 3 3
0.654026 0.571476 0.571476 2 3 3
0.654099 0.57175 0.57175 2 3 3
0.654174 0.572024 0.572024 2 3 3
0.654249 0.572297 0.572297 2 3 3
0.654326 0.572569 0.572569 2 3 3
0.654403 0.572842 0.572842 2 3 3
0.654482 0.573114 0.573114 2 3 3
0.654562 0.573385 0.573385 2 3 3
0.654642 0.573656 0.573656 2 3 3
0.654724 0.573927 0.573927 2 3 3
0.654807 0.574197 0.574197 2 3 3
0.65489 0.574467 0.574467 2 3 3
0.654975 0.574737 0.574737 2 3 3
0.655061 0.575006 0.575006 2 3 3
0.655148 0.575275 0.575275 2 3 3
0.655235 0.575543 0.575543 2 3 3
0.655324 0.575811 0.575811 2 3 3
0.655414 0.576079 0.576079 2 3 3
0.655505 0.576346 0.576346 2 3 3
0.655597 0.576613 0.576613 2 3 3
0.65569 0.576879 0.576879 2 3 3
0.655784 0.577145 0.577145 2 3 3
0.655879 0.577411 0.577411 2 3 3
0.655975 0.577676 0.577676 2 3 3
0.656073 0.577941 0.577941 2 3 3
0.656171 0.578205 0.578205 2 3 3
0.65627 0.578469 0.578469 2 3 3
0.65637 0.578733 0.578733 2 3 3
0.656472 0.578996 0.578996 2 3 3
0.656574 0.579259 0.579259 2 3 3
0.656678 0.579522 0.579522 2 3 3
0.656782 0.579784 0.579784 2 3 3
0.656888 0.580046 0.580046 2 3 3
0.656994 0.580307 0.580307 2 3 3
0.657102 0.580568 0.580568 2 3 3
0.657211 0.580829 0.580829 2 3 3
0.657321 0.581089 0.581089 2 3 3
0.657432 0.581349 0.581349 2 3 3
0.657544 0.581609 0.581609 2 3 3
0.657657 0.581868 0.581868 2 3 3
0.657771 0.582126 0.582126 2 3 3
0.657886 0.582385 0.582385 2 3 3
0.658002 0.582643 0.582643 2 3 3
0.65812 0.582901 0.582901 2 3 3
0.658238 0.583158 0.583158 2 3 3
0.658357 0.583415 0.583415 2 3 3
0.658478 0.583672 0.583672 2 3 3
0.6586 0.583928 0.583928 2 3 3
0.658722 0.584184 0.584184 2 3 3
0.658846 0.584439 0.584439 2 3 3
0.658971 0.584694 0.584694 2 3 3
0.659097 0.584949 0.584949 2 3 3
0.659224 0.585203 0.585203 2 3 3
0.659352 0.585457 0.585457 2 3 3
0.659481 0.585711 0.585711 2 3 3
0.659611 0.585964 0.585964 2 3 3
0.659743 0.586217 0.586217 2 3 3
0.659875 0.58647 0.58647 2 3 3
0.660009 0.586722 0.586722 2 3 3
0.660144 0.586974 0.586974 2 3 3
0.660279 0.587226 0.587226 2 3 3
0.660416 0.587477 0.587477 2 3 3
0.660554 0.587728 0.587728 2 3 3
0.660693 0.587978 0.587978 2 3 3
0.660833 0.588229 0.588229 2 3 3
0.660975 0.588478 0.588478 2 3 3
0.661117 0.588728 0.588728 2 3 3
0.661261 0.588977 0.588977 2 3 3
0.661405 0.589226 0.589226 2 3 3
0.661551 0.589474 0.589474 2 3 3
0.661698 0.589722 0.589722 2 3 3
0.661846 0.58997 0.58997 2 3 3
0.661995 0.590217 0.590217 2 3 3
0.662145 0.590464 0.590464 2 3 3
0.662297 0.590711 0.590711 2 3 3
0.662449 0.590957 0.590957 2 3 3
0.662603 0.591203 0.591203 2 3 3
0.662757 0.591449 0.591449 2 3 3
0.662913 0.591694 0.591694 2 3 3
0.66307 0.591939 0.591939 2 3 3
0.663228 0.592184 0.592184 2 3 3
0.663388 0.592428 0.592428 2 3 3
0.663548 0.592672 0.592672 2 3 3
0.663709 0.592916 0.592916 2 3 3
0.663872 0.593159 0.593159 2 3 3
0.664036 0.593402 0.593402 2 3 3
0.664201 0.593645 0.593645 2 3 3
0.664367 0.593887 0.593887 2 3 3
0.664534 0.594129 0.594129 2 3 3
0.664703 0.594371 0.594371 2 3 3
0.664872 0.594612 0.594612 2 3 3
0.665043 0.594853 0.594853 2 3 3
0.665215 0.595094 0.595094 2 3 3
0.665388 0.595334 0.595334 2 3 3
0.665562 0.595574 0.595574 2 3 3
0.665737 0.595814 0.595814 2 3 3
0.665914 0.596053 0.596053 2 3 3
0.666092 0.596292 0.596292 2 3 3
0.66627 0.596531 0.596531 2 3 3
0.66645 0.596769 0.596769 2 3 3
0.666632 0.597007 0.597007 2 3 3
0.666814 0.597245 0.597245 2 3 3
0.666998 0.597482 0.597482 2 3 3
0.667182 0.597719 0.597719 2 3 3
0.667368 0.597956 0.597956 2 3 3
0.667555 0.598193 0.598193 2 3 3
0.667744 0.598429 0.598429 2 3 3
0.667933 0.598665 0.598665 2 3 3
0.668124 0.5989 0.5989 2 3 3
0.668315 0.599135 0.599135 2 3 3
0.668508 0.59937 0.59937 2 3 3
0.668703 0.599605 0.599605 2 3 3
0.668898 0.599839 0.599839 2 3 3
0.669095 0.600073 0.600073 2 3 3
0.669293 0.600306 0.600306 2 3 3
0.669492 0.60054 0.60054 2 3 3
0.669692 0.600773 0.600773 2 3 3
0.669893 0.601005 0.601005 2 3 3
0.670096 0.601238 0.601238 2 3 3
0.6703 0.60147 0.60147 2 3 3
0.670505 0.601701 0.601701 2 3 3
0.670711 0.601933 0.601933 2 3 3
0.670919 0.602164 0.602164 2 3 3
0.671127 0.602395 0.602395 2 3 3
0.671337 0.602625 0.602625 2 3 3
0.671548 0.602855 0.602855 2 3 3
0.671761 0.603085 0.603085 2 3 3
0.671974 0.603315 0.603315 2 3 3
0.672189 0.603544 0.603544 2 3 3
0.672405 0.603773 0.603773 2 3 3
0.672623 0.604001 0.604001 2 3 3
0.672841 0.60423 0.60423 2 3 3
0.673061 0.604458 0.604458 2 3 3
0.673282 0.604686 0.604686 2 3 3
0.673504 0.604913 0.604913 2 3 3
0.673728 0.60514 0.60514 2 3 3
0.673953 0.605367 0.605367 2 3 3
0.674179 0.605593 0.605593 2 3 3
0.674406 0.60582 0.60582 2 3 3
0.674635 0.606046 0.606046 2 3 3
0.674864 0.606271 0.606271 2 3 3
0.675096 0.606497 0.606497 2 3 3
0.675328 0.606722 0.606722 2 3 3
0.675561 0.606946 0.606946 2 3 3
0.675796 0.607171 0.607171 2 3 3
0.676032 0.607395 0.607395 2 3 3
0.67627 0.607619 0.607619 2 3 3
0.676509 0.607842 0.607842 2 3 3
0.676749 0.608066 0.608066 2 3 3
0.67699 0.608288 0.608288 2 3 3
0.677232 0.608511 0.608511 2 3 3
0.677476 0.608734 0.608734 2 3 3
0.677721 0.608956 0.608956 2 3 3
0.677968 0.609177 0.609177 2 3 3
0.678215 0.609399 0.609399 2 3 3
0.678464 0.60962 0.60962 2 3 3
0.678715 0.609841 0.609841 2 3 3
0.678966 0.610062 0.610062 2 3 3
0.679219 0.610282 0.610282 2 3 3
0.679473 0.610502 0.610502 2 3 3
0.679729 0.610722 0.610722 2 3 3
0.679986 0.610941 0.610941 2 3 3
0.680244 0.611161 0.611161 2 3 3
0.680503 0.611379 0.611379 2 3 3
0.680764 0.611598 0.611598 2 3 3
0.681026 0.611816 0.611816 2 3 3
0.68129 0.612034 0.612034 2 3 3
0.681554 0.612252 0.612252 2 3 3
0.68182 0.61247 0.61247 2 3 3
0.682088 0.612687 0.612687 2 3 3
0.682356 0.612904 0.612904 2 3 3
0.682627 0.61312 0.61312 2 3 3
0.682898 0.613337 0.613337 2 3 3
0.683171 0.613553 0.613553 2 3 3
0.683445 0.613769 0.613769 2 3 3
0.68372 0.613984 0.613984 2 3 3
0.683997 0.614199 0.614199 2 3 3
0.684275 0.614414 0.614414 2 3 3
0.684555 0.614629 0.614629 2 3 3
0.684836 0.614843 0.614843 2 3 3
0.685118 0.615058 0.615058 2 3 3
0.685401 0.615271 0.615271 2 3 3
0.685686 0.615485 0.615485 2 3 3
0.685973 0.615698 0.615698 2 3 3
0.68626 0.615911 0.615911 2 3 3
0.686549 0.616124 0.616124 2 3 3
0.68684 0.616337 0.616337 2 3 3
0.687132 0.616549 0.616549 2 3 3
0.687425 0.616761 0.616761 2 3 3
0.68772 0.616972 0.616972 2 3 3
0.688016 0.617184 0.617184 2 3 3
0.688313 0.617395 0.617395 2 3 3
0.688612 0.617606 0.617606 2 3 3
0.688912 0.617816 0.617816 2 3 3
0.689213 0.618026 0.618026 2 3 3
0.689516 0.618236 0.618236 2 3 3
0.689821 0.618446 0.618446 2 3 3
0.690127 0.618656 0.618656 2 3 3
0.690434 0.618865 0.618865 2 3 3
0.690742 0.619074 0.619074 2 3 3
0.691053 0.619282 0.619282 2 3 3
0.691364 0.619491 0.619491 2 3 3
0.691677 0.619699 0.619699 2 3 3
0.691991 0.619907 0.619907 2 3 3
0.692307 0.620114 0.620114 2 3 3
0.692624 0.620322 0.620322 2 3 3
0.692943 0.620529 0.620529 2 3 3
0.693263 0.620735 0.620735 2 3 3
0.693584 0.620942 0.620942 2 3 3
0.693907 0.621148 0.621148 2 3 3
0.694232 0.621354 0.621354 2 3 3
0.694558 0.62156 0.62156 2 3 3
0.694885 0.621765 0.621765 2 3 3
0.695214 0.621971 0.621971 2 3 3
0.695544 0.622175 0.622175 2 3 3
0.695876 0.62238 0.62238 2 3 3
0.696209 0.622585 0.622585 2 3 3
0.696543 0.622789 0.622789 2 3 3
0.696879 0.622993 0.622993 2 3 3
0.697217 0.623196 0.623196 2 3 3
0.697556 0.6234 0.6234 2 3 3
0.697897 0.623603 0.623603 2 3 3
0.698239 0.623806 0.623806 2 3 3
0.698582 0.624008 0.624008 2 3 3
0.698927 0.62421 0.62421 2 3 3
0.699274 0.624412 0.624412 2 3 3
0.699622 0.624614 0.624614 2 3 3
0.699971 0.624816 0.624816 2 3 3
0.700322 0.625017 0.625017 2 3 3
0.700675 0.625218 0.625218 2 3 3
0.701029 0.625419 0.625419 2 3 3
0.701384 0.625619 0.625619 2 3 3
0.701741 0.62582 0.62582 2 3 3
0.7021 0.62602 0.62602 2 3 3
0.70246 0.626219 0.626219 2 3 3
0.702822 0.626419 0.626419 2 3 3
0.703185 0.626618 0.626618 2 3 3
0.70355 0.626817 0.626817 2 3 3
0.703916 0.627016 0.627016 2 3 3
0.704284 0.627214 0.627214 2 3 3
0.704653 0.627413 0.627413 2 3 3
0.705024 0.627611 0.627611 2 3 3
0.705397 0.627808 0.627808 2 3 3
0.705771 0.628006 0.628006 2 3 3
0.706146 0.628203 0.628203 2 3 3
0.706523 0.6284 0.6284 2 3 3
0.706902 0.628597 0.628597 2 3 3
0.707282 0.628793 0.628793 2 3 3
0.707664 0.628989 0.628989 2 3 3
0.708048 0.629185 0.629185 2 3 3
0.708433 0.629381 0.629381 2 3 3
0.708819 0.629576 0.629576 2 3 3
0.709208 0.629772 0.629772 2 3 3
0.709597 0.629967 0.629967 2 3 3
0.709989 0.630161 0.630161 2 3 3
0.710382 0.630356 0.630356 2 3 3
0.710776 0.63055 0.63055 2 3 3
0.711173 0.630744 0.630744 2 3 3
0.71157 0.630938 0.630938 2 3 3
0.71197 0.631131 0.631131 2 3 3
0.712371 0.631324 0.631324 2 3 3
0.712773 0.631517 0.631517 2 3 3
0.713178 0.63171 0.63171 2 3 3
0.713584 0.631902 0.631902 2 3 3
0.713991 0.632095 0.632095 2 3 3
0.7144 0.632287 0.632287 2 3 3
0.714811 0.632478 0.632478 2 3 3
0.715224 0.63267 0.63267 2 3 3
0.715638 0.632861 0.632861 2 3 3
0.716054 0.633052 0.633052 2 3 3
0.716471 0.633243 0.633243 2 3 3
0.71689 0.633433 0.633433 2 3 3
0.717311 0.633624 0.633624 2 3 3
0.717733 0.633814 0.633814 2 3 3
0.718158 0.634004 0.634004 2 3 3
0.718583 0.634193 0.634193 2 3 3
0.719011 0.634382 0.634382 2 3 3
0.71944 0.634571 0.634571 2 3 3
0.719871 0.63476 0.63476 2 3 3
0.720303 0.634949 0.634949 2 3 3
0.720738 0.635137 0.635137 2 3 3
0.721173 0.635325 0.635325 2 3 3
0.721611 0.635513 0.635513 2 3 3
0.72205 0.635701 0.635701 2 3 3
0.722491 0.635888 0.635888 2 3 3
0.722934 0.636075 0.636075 2 3 3
0.723379 0.636262 0.636262 2 3 3
0.723825 0.636449 0.636449 2 3 3
0.724273 0.636635 0.636635 2 3 3
0.724723 0.636821 0.636821 2 3 3
0.725174 0.637007 0.637007 2 3 3
0.725627 0.637193 0.637193 2 3 3
0.726082 0.637379 0.637379 2 3 3
0.726539 0.637564 0.637564 2 3 3
0.726997 0.637749 0.637749 2 3 3
0.727457 0.637933 0.637933 2 3 3
0.727919 0.638118 0.638118 2 3 3
0.728383 0.638302 0.638302 2 3 3
0.728848 0.638486 0.638486 2 3 3
0.729316 0.63867 0.63867 2 3 3
0.729785 0.638854 0.638854 2 3 3
0.730255 0.639037 0.639037 2 3 3
0.730728 0.63922 0.63922 2 3 3
0.731202 0.639403 0.639403 2 3 3
0.731679 0.639586 0.639586 2 3 3
0.732157 0.639768 0.639768 2 3 3
0.732636 0.63995 0.63995 2 3 3
0.733118 0.640132 0.640132 2 3 3
0.733601 0.640314 0.640314 2 3 3
0.734087 0.640495 0.640495 2 3 3
0.734574 0.640676 0.640676 2 3 3
0.735063 0.640857 0.640857 2 3 3
0.735553 0.641038 0.641038 2 3 3
0.736046 0.641219 0.641219 2 3 3
0.73654 0.641399 0.641399 2 3 3
0.737037 0.641579 0.641579 2 3 3
0.737535 0.641759 0.641759 2 3 3
0.738035 0.641938 0.641938 2 3 3
0.738536 0.642118 0.642118 2 3 3
0.73904 0.642297 0.642297 2 3 3
0.739546 0.642476 0.642476 2 3 3
0.740053 0.642654 0.642654 2 3 3
0.740563 0.642833 0.642833 2 3 3
0.741074 0.643011 0.643011 2 3 3
0.741587 0.643189 0.643189 2 3 3
0.742102 0.643367 0.643367 2 3 3
0.742619 0.643544 0.643544 2 3 3
0.743138 0.643721 0.643721 2 3 3
0.743658 0.643898 0.643898 2 3 3
0.744181 0.644075 0.644075 2 3 3
0.744706 0.644252 0.644252 2 3 3
0.745232 0.644428 0.644428 2 3 3
0.74576 0.644604 0.644604 2 3 3
0.746291 0.64478 0.64478 2 3 3
0.746823 0.644956 0.644956 2 3 3
0.747357 0.645131 0.645131 2 3 3
0.747894 0.645306 0.645306 2 3 3
0.748432 0.645481 0.645481 2 3 3
0.748972 0.645656 0.645656 2 3 3
0.749514 0.645831 0.645831 2 3 3
0.750058 0.646005 0.646005 2 3 3
0.750604 0.646179 0.646179 2 3 3
0.751152 0.646353 0.646353 2 3 3
0.751702 0.646526 0.646526 2 3 3
0.752254 0.6467 0.6467 2 3 3
0.752808 0.646873 0.646873 2 3 3
0.753364 0.647046 0.647046 2 3 3
0.753922 0.647219 0.647219 2 3 3
0.754482 0.647391 0.647391 2 3 3
0.755044 0.647563 0.647563 2 3 3
0.755608 0.647735 0.647735 2 3 3
0.756174 0.647907 0.647907 2 3 3
0.756742 0.648079 0.648079 2 3 3
0.757313 0.64825 0.64825 2 3 3
0.757885 0.648421 0.648421 2 3 3
0.758459 0.648592 0.648592 2 3 3
0.759035 0.648763 0.648763 2 3 3
0.759614 0.648933 0.648933 2 3 3
0.760194 0.649103 0.649103 2 3 3
0.760777 0.649273 0.649273 2 3 3
0.761361 0.649443 0.649443 2 3 3
0.761948 0.649613 0.649613 2 3 3
0.762537 0.649782 0.649782 2 3 3
0.763128 0.649951 0.649951 2 3 3
0.763721 0.65012 0.65012 2 3 3
0.764316 0.650288 0.650288 2 3 3
0.764913 0.650457 0.650457 2 3 3
0.765513 0.650625 0.650625 2 3 3
0.766114 0.650793 0.650793 2 3 3
0.766718 0.650961 0.650961 2 3 3
0.767324 0.651128 0.651128 2 3 3
0.767932 0.651295 0.651295 2 3 3
0.768542 0.651463 0.651463 2 3 3
0.769154 0.651629 0.651629 2 3 3
0.769769 0.651796 0.651796 2 3 3
0.770385 0.651962 0.651962 2 3 3
0.771004 0.652129 0.652129 2 3 3
0.771625 0.652294 0.652294 2 3 3
0.772248 0.65246 0.65246 2 3 3
0.772873 0.652626 0.652626 2 3 3
0.773501 0.652791 0.652791 2 3 3
0.774131 0.652956 0.652956 2 3 3
0.774763 0.653121 0.653121 2 3 3
0.775397 0.653285 0.653285 2 3 3
0.776034 0.65345 0.65345 2 3 3
0.776672 0.653614 0.653614 2 3 3
0.777313 0.653778 0.653778 2 3 3
0.777957 0.653942 0.653942 2 3 3
0.778602 0.654105 0.654105 2 3 3
0.77925 0.654268 0.654268 2 3 3
0.7799 0.654431 0.654431 2 3 3
0.780552 0.654594 0.654594 2 3 3
0.781207 0.654757 0.654757 2 3 3
0.781864 0.654919 0.654919 2 3 3
0.782523 0.655081 0.655081 2 3 3
0.783184 0.655243 0.655243 2 3 3
0.783848 0.655405 0.655405 2 3 3
0.784514 0.655567 0.655567 2 3 3
0.785183 0.655728 0.655728 2 3 3
0.785853 0.655889 0.655889 2 3 3
0.786527 0.65605 0.65605 2 3 3
0.787202 0.65621 0.65621 2 3 3
0.78788 0.656371 0.656371 2 3 3
0.78856 0.656531 0.656531 2 3 3
0.789243 0.656691 0.656691 2 3 3
0.789928 0.656851 0.656851 2 3 3
0.790615 0.65701 0.65701 2 3 3
0.791305 0.657169 0.657169 2 3 3
0.791997 0.657328 0.657328 2 3 3
0.792692 0.657487 0.657487 2 3 3
0.793389 0.657646 0.657646 2 3 3
0.794088 0.657804 0.657804 2 3 3
0.79479 0.657962 0.657962 2 3 3
0.795495 0.65812 0.65812 2 3 3
0.796201 0.658278 0.658278 2 3 3
0.796911 0.658436 0.658436 2 3 3
0.797622 0.658593 0.658593 2 3 3
0.798337 0.65875 0.65875 2 3 3
0.799053 0.658907 0.658907 2 3 3
0.799773 0.659064 0.659064 2 3 3
0.800494 0.65922 0.65922 2 3 3
0.801219 0.659376 0.659376 2 3 3
0.801945 0.659532 0.659532 2 3 3
0.802675 0.659688 0.659688 2 3 3
0.803406 0.659843 0.659843 2 3 3
0.804141 0.659999 0.659999 2 3 3
0.804878 0.660154 0.660154 2 3 3
0.805617 0.660309 0.660309 2 3 3
0.806359 0.660463 0.660463 2 3 3
0.807104 0.660618 0.660618 2 3 3
0.807851 0.660772 0.660772 2 3 3
0.808601 0.660926 0.660926 2 3 3
0.809354 0.66108 0.66108 2 3 3
0.810109 0.661233 0.661233 2 3 3
0.810866 0.661387 0.661387 2 3 3
0.811627 0.66154 0.66154 2 3 3
0.81239 0.661693 0.661693 2 3 3
0.813156 0.661845 0.661845 2 3 3
0.813924 0.661998 0.661998 2 3 3
0.814695 0.66215 0.66215 2 3 3
0.815469 0.662302 0.662302 2 3 3
0.816245 0.662454 0.662454 2 3 3
0.817024 0.662605 0.662605 2 3 3
0.817806 0.662757 0.662757 2 3 3
0.818591 0.662908 0.662908 2 3 3
0.819378 0.663059 0.663059 2 3 3
0.820168 0.663209 0.663209 2 3 3
0.820961 0.66336 0.66336 2 3 3
0.821757 0.66351 0.66351 2 3 3
0.822555 0.66366 0.66366 2 3 3
0.823356 0.66381 0.66381 2 3 3
0.82416 0.663959 0.663959 2 3 3
0.824967 0.664109 0.664109 2 3 3
0.825777 0.664258 0.664258 2 3 3
0.826589 0.664407 0.664407 2 3 3
0.827405 0.664555 0.664555 2 3 3
0.828223 0.664704 0.664704 2 3 3
0.829044 0.664852 0.664852 2 3 3
0.829868 0.665 0.665 2 3 3
0.830695 0.665148 0.665148 2 3 3
0.831525 0.665296 0.665296 2 3 3
0.832358 0.665443 0.665443 2 3 3
0.833193 0.66559 0.66559 2 3 3
0.834032 0.665737 0.665737 2 3 3
0.834873 0.665884 0.665884 2 3 3
0.835718 0.66603 0.66603 2 3 3
0.836566 0.666176 0.666176 2 3 3
0.837416 0.666322 0.666322 2 3 3
0.83827 0.666468 0.666468 2 3 3
0.839126 0.666614 0.666614 2 3 3
0.839986 0.666759 0.666759 2 3 3
0.840848 0.666904 0.666904 2 3 3
0.841714 0.667049 0.667049 2 3 3
0.842583 0.667194 0.667194 2 3 3
0.843455 0.667338 0.667338 2 3 3
0.84433 0.667483 0.667483 2 3 3
0.845208 0.667627 0.667627 2 3 3
0.846089 0.66777 0.66777 2 3 3
0.846974 0.667914 0.667914 2 3 3
0.847861 0.668057 0.668057 2 3 3
0.848752 0.6682 0.6682 2 3 3
0.849646 0.668343 0.668343 2 3 3
0.850543 0.668486 0.668486 2 3 3
0.851443 0.668628 0.668628 2 3 3
0.852347 0.668771 0.668771 2 3 3
0.853254 0.668913 0.668913 2 3 3
0.854164 0.669054 0.669054 2 3 3
0.855077 0.669196 0.669196 2 3 3
0.855994 0.669337 0.669337 2 3 3
0.856914 0.669478 0.669478 2 3 3
0.857837 0.669619 0.669619 2 3 3
0.858764 0.66976 0.66976 2 3 3
0.859694 0.6699 0.6699 2 3 3
0.860627 0.67004 0.67004 2 3 3
0.861564 0.67018 0.67018 2 3 3
0.862505 0.67032 0.67032 2 3 3
0.863448 0.67046 0.67046 2 3 3
0.864395 0.670599 0.670599 2 3 3
0.865346 0.670738 0.670738 2 3 3
0.8663 0.670877 0.670877 2 3 3
0.867258 0.671015 0.671015 2 3 3
0.868219 0.671154 0.671154 2 3 3
0.869183 0.671292 0.671292 2 3 3
0.870152 0.67143 0.67143 2 3 3
0.871124 0.671567 0.671567 2 3 3
0.872099 0.671705 0.671705 2 3 3
0.873078 0.671842 0.671842 2 3 3
0.874061 0.671979 0.671979 2 3 3
0.875047 0.672116 0.672116 2 3 3
0.876037 0.672252 0.672252 2 3 3
0.877031 0.672389 0.672389 2 3 3
0.878028 0.672525 0.672525 2 3 3
0.879029 0.67266 0.67266 2 3 3
0.880034 0.672796 0.672796 2 3 3
0.881043 0.672931 0.672931 2 3 3
0.882056 0.673066 0.673066 2 3 3
0.883072 0.673201 0.673201 2 3 3
0.884092 0.673336 0.673336 2 3 3
0.885116 0.67347 0.67347 2 3 3
0.886144 0.673605 0.673605 2 3 3
0.887176 0.673739 0.673739 2 3 3
0.888212 0.673872 0.673872 2 3 3
0.889252 0.674006 0.674006 2 3 3
0.890296 0.674139 0.674139 2 3 3
0.891344 0.674272 0.674272 2 3 3
0.892396 0.674405 0.674405 2 3 3
0.893452 0.674537 0.674537 2 3 3
0.894512 0.67467 0.67467 2 3 3
0.895576 0.674802 0.674802 2 3 3
0.896645 0.674934 0.674934 2 3 3
0.897717 0.675065 0.675065 2 3 3
0.898794 0.675196 0.675196 2 3 3
0.899875 0.675328 0.675328 2 3 3
0.90096 0.675458 0.675458 2 3 3
0.90205 0.675589 0.675589 2 3 3
0.903144 0.675719 0.675719 2 3 3
0.904242 0.675849 0.675849 2 3 3
0.905345 0.675979 0.675979 2 3 3
0.906452 0.676109 0.676109 2 3 3
0.907563 0.676238 0.676238 2 3 3
0.908679 0.676368 0.676368 2 3 3
0.9098 0.676496 0.676496 2 3 3
0.910925 0.676625 0.676625 2 3 3
0.912054 0.676754 0.676754 2 3 3
0.913189 0.676882 0.676882 2 3 3
0.914327 0.67701 0.67701 2 3 3
0.915471 0.677137 0.677137 2 3 3
0.916619 0.677265 0.677265 2 3 3
0.917772 0.677392 0.677392 2 3 3
0.91893 0.677519 0.677519 2 3 3
0.920093 0.677645 0.677645 2 3 3
0.92126 0.677772 0.677772 2 3 3
0.922433 0.677898 0.677898 2 3 3
0.92361 0.678024 0.678024 2 3 3
0.924792 0.67815 0.67815 2 3 3
0.92598 0.678275 0.678275 2 3 3
0.927172 0.6784 0.6784 2 3 3
0.928369 0.678525 0.678525 2 3 3
0.929572 0.67865 0.67865 2 3 3
0.93078 0.678774 0.678774 2 3 3
0.931993 0.678898 0.678898 2 3 3
0.933211 0.679022 0.679022 2 3 3
0.934435 0.679145 0.679145 2 3 3
0.935664 0.679269 0.679269 2 3 3
0.936899 0.679392 0.679392 2 3 3
0.938139 0.679515 0.679515 2 3 3
0.939384 0.679637 0.679637 2 3 3
0.940635 0.679759 0.679759 2 3 3
0.941892 0.679881 0.679881 2 3 3
0.943154 0.680003 0.680003 2 3 3
0.944422 0.680125 0.680125 2 3 3
0.945696 0.680246 0.680246 2 3 3
0.946976 0.680367 0.680367 2 3 3
0.948261 0.680487 0.680487 2 3 3
0.949553 0.680608 0.680608 2 3 3
0.95085 0.680728 0.680728 2 3 3
0.952154 0.680848 0.680848 2 3 3
0.953464 0.680967 0.680967 2 3 3
0.95478 0.681086 0.681086 2 3 3
0.956102 0.681205 0.681205 2 3 3
0.957431 0.681324 0.681324 2 3 3
0.958765 0.681442 0.681442 2 3 3
0.960107 0.68156 0.68156 2 3 3
0.961455 0.681678 0.681678 2 3 3
0.962809 0.681796 0.681796 2 3 3
0.964171 0.681913 0.681913 2 3 3
0.965539 0.68203 0.68203 2 3 3
0.966913 0.682147 0.682147 2 3 3
0.968295 0.682263 0.682263 2 3 3
0.969684 0.682379 0.682379 2 3 3
0.97108 0.682495 0.682495 2 3 3
0.972483 0.68261 0.68261 2 3 3
0.973893 0.682725 0.682725 2 3 3
0.97531 0.68284 0.68284 2 3 3
0.976735 0.682955 0.682955 2 3 3
0.978168 0.683069 0.683069 2 3 3
0.979608 0.683183 0.683183 2 3 3
0.981056 0.683297 0.683297 2 3 3
0.982511 0.68341 0.68341 2 3 3
0.983975 0.683523 0.683523 2 3 3
0.985446 0.683636 0.683636 2 3 3
0.986926 0.683748 0.683748 2 3 3
0.988414 0.68386 0.68386 2 3 3
0.98991 0.683972 0.683972 2 3 3
0.991414 0.684083 0.684083 2 3 3
0.992928 0.684194 0.684194 2 3 3
0.99445 0.684305 0.684305 2 3 3
0.99598 0.684415 0.684415 2 3 3
0.99752 0.684525 0.684525 2 3 3
0.999069 0.684635 0.684635 2 3 3
1.00063 0.684744 0.684744 2 3 3
1.00219 0.684853 0.684853 2 3 3
1.00377 0.684961 0.684961 2 3 3
1.00536 0.68507 0.68507 2 3 3
1.00695 0.685177 0.685177 2 3 3
1.00856 0.685285 0.685285 2 3 3
1.01018 0.685392 0.685392 2 3 3
1.0118 0.685499 0.685499 2 3 3
1.01344 0.685605 0.685605 2 3 3
1.01509 0.685711 0.685711 2 3 3
1.01675 0.685817 0.685817 2 3 3
1.01842 0.685922 0.685922 2 3 3
1.0201 0.686027 0.686027 2 3 3
1.02179 0.686131 0.686131 2 3 3
1.0235 0.686235 0.686235 2 3 3
1.02521 0.686339 0.686339 2 3 3
1.02694 0.686442 0.686442 2 3 3
1.02868 0.686545 0.686545 2 3 3
1.03044 0.686647 0.686647 2 3 3
1.0322 0.686749 0.686749 2 3 3
1.03398 0.68685 0.68685 2 3 3
1.03578 0.686951 0.686951 2 3 3
1.03758 0.687052 0.687052 2 3 3
1.0394 0.687152 0.687152 2 3 3
1.04124 0.687252 0.687252 2 3 3
1.04309 0.687351 0.687351 2 3 3
1.04495 0.68745 0.68745 2 3 3
1.04683 0.687548 0.687548 2 3 3
1.04873 0.687645 0.687645 2 3 3
1.05064 0.687742 0.687742 2 3 3
1.05257 0.687839 0.687839 2 3 3
1.05452 0.687935 0.687935 2 3 3
1.05648 0.688031 0.688031 2 3 3
1.05846 0.688126 0.688126 2 3 3
1.06046 0.68822 0.68822 2 3 3
1.06247 0.688314 0.688314 2 3 3
1.06451 0.688407 0.688407 2 3 3
1.06657 0.6885 0.6885 2 3 3
1.06864 0.688592 0.688592 2 3 3
1.07074 0.688683 0.688683 2 3 3
1.07286 0.688774 0.688774 2 3 3
1.07501 0.688864 0.688864 2 3 3
1.07717 0.688954 0.688954 2 3 3
1.07936 0.689042 0.689042 2 3 3
1.08157 0.68913 0.68913 2 3 3
1.08381 0.689217 0.689217 2 3 3
1.08608 0.689304 0.689304 2 3 3
1.08837 0.68939 0.68939 2 3 3
1.0907 0.689474 0.689474 2 3 3
1.09305 0.689558 0.689558 2 3 3
1.09543 0.689641 0.689641 2 3 3
1.09785 0.689724 0.689724 2 3 3
1.1003 0.689805 0.689805 2 3 3
1.10278 0.689885 0.689885 2 3 3
1.1053 0.689965 0.689965 2 3 3
1.10786 0.690043 0.690043 2 3 3
1.11046 0.69012 0.69012 2 3 3
1.1131 0.690196 0.690196 2 3 3
1.11578 0.690271 0.690271 2 3 3
1.11852 0.690344 0.690344 2 3 3
1.1213 0.690416 0.690416 2 3 3
1.12413 0.690487 0.690487 2 3 3
1.12702 0.690556 0.690556 2 3 3
1.12997 0.690624 0.690624 2 3 3
1.13299 0.69069 0.69069 2 3 3
1.13607 0.690754 0.690754 2 3 3
1.13922 0.690816 0.690816 2 3 3
1.14246 0.690876 0.690876 2 3 3
1.14578 0.690934 0.690934 2 3 3
1.14919 0.690989 0.690989 2 3 3
1.1527 0.691042 0.691042 2 3 3
1.15633 0.691092 0.691092 2 3 3
1.16008 0.691139 0.691139 2 3 3
1.16397 0.691182 0.691182 2 3 3
1.16802 0.691221 0.691221 2 3 3
1.17224 0.691255 0.691255 2 3 3
1.17667 0.691285 0.691285 2 3 3
1.1816 0.691301 0.691301 2 3 3
1.18661 0.691316 0.691316 2 3 3
1.19196 0.691321 0.691321 2 3 3
1.19775 0.691316 0.691316 2 3 3
1.20428 0.691292 0.691292 2 3 3
1.21093 0.691265 0.691265 2 3 3
1.22073 0.691158 0.691158 2 3 3
1.2255 0.691108 0.691108 2 3 3
1.66248 0.690979 0.690979 2 3 3
1.91248 0.690979 0.690979 2 3 3
2.16248 0.690979 0.690979 2 3 3
