0 0.565149 0.565149 2 1 0
0.04 0.565148 0.565148 1 1 0
0.08 0.565147 0.565147 1 1 0
0.16 0.565142 0.565142 1 1 0
0.32 0.565124 0.565124 1 1 0
0.64 0.56505 0.56505 1 1 0
1.14 0.564837 0.564837 1 1 0
1.64 0.564503 0.564503 1 1 0
2.14 0.564048 0.564048 1 1 0
2.63999 0.563473 0.563473 1 1 0
3.13999 0.562777 0.562777 1 1 0
3.63998 0.56196 0.56196 1 1 0
4.13997 0.56102 0.56102 1 1 0
4.63995 0.559958 0.559958 1 1 0
5.13993 0.558773 0.558773 1 1 0
5.63991 0.557464 0.557464 1 1 0
6.13989 0.55603 0.55603 1 1 0
6.63985 0.55447 0.55447 1 1 0
7.13982 0.552782 0.552782 1 1 0
7.63977 0.550966 0.550966 1 1 0
8.13972 0.54902 0.54902 1 1 0
8.63966 0.546943 0.546943 1 1 0
9.13959 0.544731 0.544731 1 1 0
9.63951 0.542383 0.542383 1 1 0
10.1394 0.539896 0.539896 1 1 0
10.6393 0.537267 0.537267 1 1 0
11.1392 0.534493 0.534493 1 1 0
11.6391 0.531569 0.531569 1 1 0
12.1389 0.528491 0.528491 1 1 0
12.6387 0.525253 0.525253 1 1 0
13.1385 0.521848 0.521848 1 1 0
13.6383 0.51827 0.51827 1 1 0
14.138 0.514509 0.514509 1 1 0
14.5627 0.51116 0.51116 1 1 0
15.0624 0.507033 0.507033 2 1 0
15.5619 0.50269 0.50269 2 1 0
16.0614 0.498118 0.498118 2 1 0
16.5608 0.493302 0.493302 2 1 0
17.06 0.488229 0.488229 2 1 0
17.5592 0.482888 0.482888 2 1 0
18.0583 0.477271 0.477271 2 1 0
18.5572 0.471381 0.471381 2 1 0
19.0561 0.465224 0.465224 2 1 0
19.5548 0.458818 0.458818 2 1 0
20.0536 0.452187 0.452187 2 1 0
20.5523 0.445361 0.445361 2 1 0
21.051 0.438373 0.438373 2 1 0
21.5498 0.431257 0.431257 2 1 0
22.0486 0.424044 0.424044 2 1 0
22.5474 0.416765 0.416765 2 1 0
23.0464 0.409444 0.409444 2 1 0
23.5453 0.402103 0.402103 2 1 0
24.0444 0.394763 0.394763 2 1 0
24.5435 0.387436 0.387436 2 1 0
25.0426 0.380136 0.380136 2 1 0
25.5418 0.372871 0.372871 2 1 0
26.0411 0.365649 0.365649 2 1 0
26.2902 0.362061 0.362061 1 1 0
26.7895 0.35491 0.35491 1 1 0
27.2888 0.347658 0.347658 1 1 0
27.7881 0.340042 0.340042 1 1 0
28.2872 0.332013 0.332013 1 1 0
28.352 0.330938 0.330938 1 1 0
28.851 0.322359 0.322359 2 1 0
29.3499 0.313183 0.313183 2 1 0
29.8485 0.303239 0.303239 2 1 0
30.3467 0.292216 0.292216 2 1 0
30.8437 0.279203 0.279203 2 1 0
31.337 0.26142 0.26142 2 1 0
31.5716 0.245233 0.245233 2 1 0
31.5315 0.227422 0.227422 2 1 0
31.531 0.227386 0.227386 2 1 0
31.0537 0.209411 0.209411 2 1 0
30.5632 0.199771 0.199771 2 1 0
30.0701 0.192333 0.192333 2 1 0
29.576 0.185767 0.185767 2 1 0
29.0816 0.179377 0.179377 2 1 0
28.5875 0.172604 0.172604 2 1 0
28.0949 0.164473 0.164473 2 1 0
27.6187 0.146259 0.146259 2 1 0
27.6212 0.144055 0.144055 2 1 0
27.6214 0.144007 0.144007 2 1 0
27.6453 0.140875 0.140875 2 1 0
27.6767 0.138593 0.138593 2 1 0
27.7127 0.136632 0.136632 2 1 0
27.7677 0.134226 0.134226 2 1 0
27.8512 0.131262 0.131262 2 1 0
27.9774 0.127591 0.127591 2 1 0
28.1676 0.123015 0.123015 2 1 0
28.4535 0.117274 0.117274 2 1 0
28.8831 0.11002 0.11002 2 1 0
29.3823 0.102748 0.102748 2 1 0
29.8818 0.0962288 0.0962288 2 1 0
30.3813 0.0902187 0.0902187 2 1 0
30.881 0.08458 0.08458 2 1 0
31.3807 0.0792248 0.0792248 2 1 0
31.5669 0.0772894 0.0772894 2 1 0
32.0667 0.0722301 0.0722301 1 1 0
32.5665 0.0673425 0.0673425 1 1 0
33.0663 0.0626003 0.0626003 1 1 0
33.5661 0.0579841 0.0579841 1 1 0
34.066 0.0534788 0.0534788 1 1 0
34.5659 0.0490728 0.0490728 1 1 0
35.0657 0.0447568 0.0447568 1 1 0
35.5656 0.0405236 0.0405236 1 1 0
36.0655 0.0363673 0.0363673 1 1 0
36.5654 0.0322832 0.0322832 1 1 0
37.0653 0.0282675 0.0282675 1 1 0
37.5652 0.0243172 0.0243172 1 1 0
38.0652 0.0204298 0.0204298 1 1 0
38.5651 0.0166032 0.0166032 1 1 0
39.065 0.0128358 0.0128358 1 1 0
39.5649 0.00912616 0.00912616 1 1 0
40.0649 0.00547327 0.00547327 1 1 0
40.5648 0.00187617 0.00187617 1 1 0
41.0648 0 0 1 1 0
41.5648 0 0 1 1 0
42.0648 0 0 1 1 0
42.5648 0 0 1 1 0
43.0648 0 0 1 1 0
43.5648 0 0 1 1 0
44.0648 0 0 1 1 0
44.5648 0 0 1 1 0
45.0648 0 0 1 1 0
45.5648 0 0 1 1 0
46.0648 0 0 1 1 0
46.5648 0 0 1 1 0
47.0648 0 0 1 1 0
47.5648 0 0 1 1 0
48.0648 0 0 1 1 0
48.5648 0 0 1 1 0
49.0648 0 0 1 1 0
49.5648 0 0 1 1 0
50.0648 0 0 1 1 0
50.5648 0 0 1 1 0
51.0648 0 0 1 1 0
51.5648 0 0 1 1 0
52.0648 0 0 1 1 0
52.5648 0 0 1 1 0
53.0648 0 0 1 1 0
53.5648 0 0 1 1 0
54.0648 0 0 1 1 0
54.5648 0 0 1 1 0
55.0648 0 0 1 1 0
55.5648 0 0 1 1 0
56.0648 0 0 1 1 0
56.5648 0 0 1 1 0
57.0648 0 0 1 1 0
57.5648 0 0 1 1 0
58.0648 0 0 1 1 0
58.5648 0 0 1 1 0
59.0648 0 0 1 1 0
59.5648 0 0 1 1 0
60.0648 0 0 1 1 0
14.5627 0.51116 0.51116 4 2 0
14.5648 0.514077 0.508046 3 2 0
14.5693 0.518234 0.502978 3 2 0
14.5861 0.524139 0.494405 3 2 0
14.6196 0.529737 0.484782 3 2 0
14.6664 0.534269 0.475809 3 2 0
14.7222 0.537755 0.467913 3 2 0
14.7856 0.540435 0.460907 3 2 0
14.8565 0.542494 0.454663 3 2 0
14.9352 0.544042 0.449047 3 2 0
15.0222 0.54517 0.443956 3 2 0
15.1531 0.546156 0.437767 3 2 0
15.2974 0.546668 0.432299 3 2 0
15.5139 0.546756 0.425734 3 2 0
15.7523 0.546355 0.419881 3 2 0
16.1099 0.54524 0.412472 3 2 0
16.6093 0.543543 0.402477 3 2 0
17.1084 0.542431 0.390094 3 2 0
17.6065 0.544237 0.369621 3 2 0
18.0652 0.573916 0.289779 3 2 0
18.2885 0.594923 0.231161 4 2 0
18.5295 0.601495 0.210911 4 2 0
18.7992 0.601844 0.206692 3 2 0
18.9244 0.601783 0.20452 3 2 0
19.0478 0.601817 0.20241 3 2 0
19.1836 0.602076 0.200188 3 2 0
19.3327 0.602401 0.197987 3 2 0
19.4951 0.602739 0.196443 3 2 0
19.6691 0.603039 0.194923 3 2 0
19.8396 0.60299 0.193724 3 2 0
20.0352 0.602816 0.190879 3 2 0
20.2538 0.602406 0.187355 3 2 0
20.4951 0.602644 0.183007 3 2 0
20.761 0.602239 0.178179 3 2 0
21.054 0.602545 0.173308 3 2 0
21.3765 0.602296 0.16821 3 2 0
21.7315 0.602311 0.162557 3 2 0
22.1221 0.601941 0.156776 3 2 0
22.552 0.601954 0.149278 3 2 0
23.0248 0.601667 0.141849 3 2 0
23.5227 0.600807 0.134507 3 2 0
24.0203 0.600827 0.127479 3 2 0
24.4941 0.598658 0.120758 3 2 0
24.6814 0.595048 0.11743 4 2 0
24.7211 0.594312 0.11649 4 2 0
24.7253 0.593694 0.11649 3 2 0
24.7254 0.593671 0.116478 3 2 0
24.7208 0.593172 0.116467 4 2 0
24.7127 0.591303 0.116454 4 2 0
24.7098 0.588731 0.116403 4 2 0
24.7114 0.585515 0.116328 4 2 0
24.6892 0.564908 0.116071 4 2 0
24.5729 0.543788 0.117678 4 2 0
24.4721 0.529312 0.119174 4 2 0
24.3642 0.510468 0.120652 4 2 0
24.2436 0.505201 0.122857 4 2 0
24.1239 0.506443 0.125268 4 2 0
24.0061 0.508905 0.127713 4 2 0
23.8773 0.512178 0.130187 4 2 0
23.7386 0.51659 0.133617 4 2 0
23.6701 0.519617 0.136058 4 2 0
23.6312 0.522314 0.141013 4 2 0
23.5641 0.523861 0.145805 4 2 0
23.4903 0.525103 0.149798 4 2 0
23.4082 0.526404 0.153467 4 2 0
23.3166 0.527794 0.157611 4 2 0
23.2156 0.529894 0.162643 4 2 0
23.1059 0.533172 0.169056 4 2 0
23.049 0.536677 0.173722 4 2 0
23.0234 0.540872 0.177965 4 2 0
23.0221 0.549994 0.183069 4 2 0
23.0402 0.560637 0.186196 4 2 0
23.0491 0.568226 0.187004 4 2 0
23.0507 0.572869 0.186802 4 2 0
23.0607 0.592407 0.177107 4 2 0
23.1235 0.597235 0.170716 4 2 0
23.17 0.598482 0.167535 4 2 0
23.2215 0.599756 0.164306 4 2 0
23.2783 0.600488 0.161216 4 2 0
23.3401 0.601204 0.158143 4 2 0
23.4061 0.601703 0.154354 4 2 0
23.4727 0.602658 0.149818 4 2 0
23.5174 0.604771 0.144071 4 2 0
23.5187 0.60851 0.141988 4 2 0
23.5241 0.611986 0.141277 4 2 0
23.5357 0.618068 0.140675 4 2 0
23.5393 0.621885 0.140694 3 2 0
23.5393 0.622903 0.140634 4 2 0
23.5366 0.62717 0.141053 4 2 0
23.5333 0.630586 0.14173 4 2 0
23.5324 0.632542 0.142121 4 2 0
23.5367 0.63615 0.144217 3 2 0
23.5368 0.636559 0.144922 4 2 0
23.3909 0.637225 0.156782 4 2 0
23.2247 0.636705 0.165668 4 2 0
23.0869 0.636996 0.170628 4 2 0
23.0774 0.637282 0.168755 4 2 0
23.0764 0.637525 0.167922 4 2 0
23.0961 0.638384 0.162525 4 2 0
23.1399 0.639601 0.157429 4 2 0
23.1886 0.640453 0.153403 4 2 0
23.2437 0.641172 0.148758 4 2 0
23.3055 0.642205 0.144237 4 2 0
23.3743 0.642847 0.139672 4 2 0
23.4505 0.644051 0.134225 4 2 0
23.5349 0.645107 0.12871 4 2 0
23.628 0.64582 0.122522 4 2 0
23.7317 0.647053 0.116884 4 2 0
23.8489 0.64779 0.111601 4 2 0
23.9773 0.648229 0.107913 4 2 0
24.0993 0.648873 0.10689 4 2 0
24.2123 0.649263 0.1071 4 2 0
24.3165 0.649588 0.107977 4 2 0
24.4161 0.649543 0.109369 4 2 0
24.5133 0.650698 0.111166 4 2 0
24.6039 0.65053 0.112933 4 2 0
24.6774 0.651156 0.114061 4 2 0
24.7672 0.650562 0.112607 3 2 0
24.9106 0.650521 0.109778 3 2 0
25.038 0.650093 0.107419 3 2 0
25.1782 0.649895 0.105131 3 2 0
25.3329 0.649966 0.10282 3 2 0
25.5656 0.649234 0.0995813 3 2 0
25.9152 0.649311 0.0951961 3 2 0
26.3003 0.648829 0.0908467 3 2 0
26.7241 0.647558 0.0864214 3 2 0
27.1904 0.647696 0.0818834 3 2 0
27.6878 0.647408 0.077347 3 2 0
28.1852 0.647032 0.0730503 3 2 0
28.6825 0.646489 0.068936 3 2 0
29.1799 0.645767 0.0649849 3 2 0
29.6771 0.645058 0.0611097 3 2 0
30.1742 0.645189 0.0572838 3 2 0
30.6709 0.644702 0.053636 3 2 0
31.1671 0.644056 0.0499236 3 2 0
31.6616 0.642745 0.0453204 3 2 0
31.9056 0.641341 0.042748 3 2 0
32.027 0.63664 0.0416692 3 2 0
32.0317 0.634701 0.0417297 3 2 0
32.0157 0.629113 0.0423257 4 2 0
31.9441 0.618757 0.0420747 4 2 0
31.9047 0.608289 0.0416352 4 2 0
31.8812 0.593985 0.0412825 3 2 0
31.8954 0.587558 0.0413419 4 2 0
31.9362 0.583491 0.0416547 4 2 0
31.9737 0.582195 0.0418877 4 2 0
32.0144 0.581479 0.0422235 4 2 0
32.0758 0.581066 0.0396514 4 2 0
32.1436 0.580228 0.0349398 4 2 0
32.2185 0.579309 0.0301825 4 2 0
32.3009 0.578548 0.0262777 4 2 0
32.3914 0.577435 0.023559 4 2 0
32.4896 0.575761 0.0215502 4 2 0
32.5404 0.574935 0.0208206 4 2 0
32.5516 0.574847 0.0206233 4 2 0
32.5554 0.574963 0.0205061 4 2 0
32.5167 0.576689 0.0206559 4 2 0
32.4766 0.577803 0.0207502 4 2 0
32.435 0.578671 0.0208701 4 2 0
32.3717 0.579662 0.0211989 4 2 0
32.276 0.580724 0.0216787 4 2 0
32.1312 0.582996 0.0223846 4 2 0
31.9709 0.584359 0.0231358 4 2 0
31.794 0.585067 0.0240429 4 2 0
31.5987 0.586474 0.025015 4 2 0
31.3833 0.587335 0.0259517 4 2 0
31.1459 0.58826 0.0269542 4 2 0
31.0151 0.588778 0.0273752 4 2 0
30.9435 0.589778 0.0275569 4 2 0
30.9348 0.590035 0.0275528 4 2 0
30.9328 0.590159 0.027542 4 2 0
30.9309 0.590034 0.0275075 4 2 0
30.9414 0.590575 0.0274075 4 2 0
30.9522 0.590861 0.0273446 4 2 0
30.9682 0.591004 0.0272785 4 2 0
30.9925 0.591367 0.0271163 4 2 0
31.0291 0.591794 0.0268996 4 2 0
31.0844 0.593226 0.0266939 4 2 0
31.1673 0.594082 0.0262067 4 2 0
31.2916 0.595151 0.0256049 4 2 0
31.4277 0.596118 0.0249041 4 2 0
31.5748 0.596626 0.0241727 4 2 0
31.6512 0.596952 0.0237805 4 2 0
31.6847 0.595852 0.0236579 4 2 0
31.6916 0.592828 0.0236323 4 2 0
31.6736 0.583465 0.0237103 4 2 0
31.6736 0.581793 0.0237858 4 2 0
31.7284 0.569656 0.0233923 4 2 0
31.7805 0.563499 0.0231277 4 2 0
31.8272 0.558601 0.0228495 4 2 0
31.8801 0.552981 0.0225676 4 2 0
31.9395 0.546921 0.0222822 4 2 0
32.0067 0.540786 0.0219386 4 2 0
32.0812 0.533679 0.0216267 4 2 0
32.1638 0.52789 0.0213261 4 2 0
32.2548 0.522109 0.0210658 4 2 0
32.3548 0.516849 0.0209189 4 2 0
32.4642 0.512599 0.02081 4 2 0
32.5839 0.508132 0.0205756 4 2 0
32.7137 0.501805 0.019762 4 2 0
32.7732 0.49876 0.0186858 4 2 0
32.795 0.497914 0.0180908 4 2 0
32.8012 0.49892 0.01799 4 2 0
32.7797 0.499516 0.0183691 4 2 0
32.7547 0.49092 0.0184041 4 2 0
32.7524 0.489565 0.0184136 4 2 0
32.738 0.452242 0.0190063 4 2 0
32.7165 0.444301 0.0192716 4 2 0
32.7452 0.421145 0.0197269 4 2 0
32.7358 0.413138 0.0202425 4 2 0
32.7271 0.408448 0.0206822 4 2 0
32.725 0.40291 0.0210996 4 2 0
32.7111 0.39844 0.0219289 4 2 0
32.7046 0.396457 0.0224808 4 2 0
32.7195 0.385079 0.0232745 4 2 0
32.6968 0.380158 0.0255615 4 2 0
32.7176 0.368498 0.0253372 4 2 0
32.6954 0.365358 0.0252071 4 2 0
32.6995 0.363761 0.0250191 4 2 0
32.6828 0.364319 0.0251943 4 2 0
32.7121 0.363568 0.0247942 4 2 0
32.7234 0.363404 0.0247156 4 2 0
32.6956 0.363716 0.0249397 4 2 0
32.7029 0.363738 0.0248092 4 2 0
32.6994 0.364181 0.0249248 4 2 0
32.723 0.363963 0.0247174 4 2 0
32.7181 0.363845 0.0247279 4 2 0
32.7432 0.363938 0.0245223 4 2 0
32.764 0.363971 0.0241648 4 2 0
32.7871 0.363893 0.0228985 4 2 0
32.8123 0.363637 0.0219107 4 2 0
32.8399 0.363562 0.0210658 4 2 0
32.8701 0.363668 0.0203718 4 2 0
32.9033 0.363426 0.0198152 4 2 0
32.94 0.363342 0.0194272 4 2 0
32.9801 0.363161 0.0191854 4 2 0
33.0242 0.36282 0.0191098 4 2 0
33.0723 0.361949 0.0191168 4 2 0
33.1183 0.352287 0.0192993 4 2 0
33.1575 0.330616 0.0186234 4 2 0
33.2084 0.285529 0.0195048 4 2 0
33.2578 0.25828 0.0218201 4 2 0
33.2884 0.246898 0.0235146 4 2 0
33.3154 0.23838 0.0252088 4 2 0
33.3407 0.231236 0.026802 4 2 0
33.3646 0.224992 0.028412 4 2 0
33.3878 0.219193 0.0299898 4 2 0
33.411 0.213686 0.0315935 4 2 0
33.4347 0.208358 0.0331706 4 2 0
33.459 0.203349 0.0348344 4 2 0
33.4833 0.198861 0.036676 4 2 0
33.5063 0.195219 0.038673 4 2 0
33.5284 0.195061 0.0410869 4 2 0
33.5465 0.194823 0.0433701 4 2 0
33.5635 0.194228 0.0454123 4 2 0
33.583 0.192446 0.0476609 4 2 0
33.6059 0.1885 0.0495149 4 2 0
33.6329 0.181836 0.051105 4 2 0
33.6688 0.170605 0.0526638 4 2 0
33.7274 0.155168 0.053901 3 2 0
33.8123 0.143098 0.0542565 3 2 0
33.9049 0.135037 0.0540632 3 2 0
34.0068 0.128576 0.0535634 3 2 0
34.1191 0.12301 0.0528549 3 2 0
34.288 0.116136 0.0516054 3 2 0
34.4739 0.109963 0.0500772 3 2 0
34.7531 0.102101 0.0476014 3 2 0
35.1721 0.0922742 0.0436547 3 2 0
35.6332 0.0830553 0.0391302 3 2 0
36.1328 0.0742457 0.0340793 3 2 0
36.6324 0.0663107 0.0289838 3 2 0
37.1322 0.0589883 0.0238284 3 2 0
37.6319 0.0521491 0.0186627 3 2 0
38.1318 0.0457034 0.0135232 3 2 0
38.6316 0.039596 0.00840864 3 2 0
39.1314 0.0337672 0.00328532 3 2 0
39.6313 0.0281785 -6.83423e-05 3 2 0
40.1312 0.0227759 -3.43378e-05 3 2 0
40.6311 0.0175545 -3.40525e-05 3 2 0
41.1311 0.0124802 -5.96135e-05 3 2 0
41.6311 0.00761435 -2.28282e-05 3 2 0
42.1311 0.00289981 -1.91171e-06 3 2 0
42.6311 3.14385e-11 -5.64891e-14 3 2 0
43.1311 6.91918e-12 -4.38878e-16 3 2 0
43.6311 6.04371e-21 -1.11886e-19 3 2 0
44.1311 6.85845e-17 -7.61055e-20 3 2 0
44.6311 1.35782e-21 -8.63723e-26 3 2 0
45.1311 6.83046e-27 -3.84504e-30 3 2 0
45.6311 8.03577e-31 -1.16129e-27 3 2 0
46.1311 7.8264e-33 -5.42645e-36 3 2 0
46.6311 2.7264e-42 -4.67357e-39 3 2 0
47.1311 2.75388e-39 -3.5873e-42 3 2 0
47.6311 3.5996e-45 -3.73121e-48 3 2 0
48.1311 4.31029e-51 -5.00103e-54 3 2 0
48.6311 3.14284e-54 -3.34003e-51 3 2 0
49.1311 1.01762e-56 -8.4239e-60 3 2 0
49.6311 9.07249e-66 -1.15318e-62 3 2 0
50.1311 1.78043e-62 -1.52654e-65 3 2 0
50.6311 8.24884e-68 -7.48635e-71 3 2 0
51.1311 2.07534e-73 -1.8997e-76 3 2 0
51.6311 1.86627e-76 -1.10058e-73 3 2 0
52.1311 5.69127e-79 -9.474e-82 3 2 0
52.6311 2.96313e-87 -1.8078e-84 3 2 0
53.1311 2.49802e-85 -3.83214e-88 3 2 0
53.6311 1.01189e-90 -1.50877e-93 3 2 0
54.1311 7.27483e-97 -1.05955e-99 3 2 0
54.6311 1.69923e-99 -1.2233e-96 3 2 0
55.1311 3.83355e-102 -4.95563e-105 3 2 0
55.6311 5.84214e-111 -4.56754e-108 3 2 0
56.1311 5.10811e-108 -5.72364e-111 3 2 0
56.6311 1.97369e-113 -2.00145e-116 3 2 0
57.1311 2.80528e-119 -2.73304e-122 3 2 0
57.6311 1.66042e-122 -1.81286e-119 3 2 0
58.1311 5.90405e-125 -7.36696e-128 3 2 0
58.6311 2.21906e-133 -1.21774e-130 3 2 0
59.1311 1.11719e-130 -4.12541e-133 3 2 0
59.6311 6.52638e-136 -2.55867e-138 3 2 0
60.1311 1.69612e-141 -6.78065e-144 3 2 0
26.2902 0.362061 0.362061 4 3 0
26.2963 0.369324 0.354639 4 3 0
26.3524 0.370797 0.35144 4 3 0
26.3743 0.371108 0.350448 4 3 0
26.4072 0.37145 0.349077 4 3 0
26.4566 0.371781 0.347192 4 3 0
26.5307 0.372011 0.344615 4 3 0
26.6418 0.371981 0.341108 4 3 0
26.8086 0.371381 0.336377 4 3 0
27.0588 0.369636 0.330159 4 3 0
27.4341 0.365539 0.322466 4 3 0
27.8468 0.358942 0.316404 4 3 0
28.3007 0.346874 0.315197 4 3 0
28.3289 0.34311 0.318646 4 3 0
28.3534 0.334848 0.326887 4 3 0
28.3553 0.333172 0.328562 4 3 0
28.3547 0.330926 0.330859 3 3 0
28.356 0.331962 0.329771 4 3 0
28.3525 0.335486 0.32625 4 3 0
28.3429 0.339489 0.322255 4 3 0
28.3315 0.342527 0.319228 4 3 0
28.3185 0.345135 0.316638 4 3 0
28.2971 0.347097 0.315056 4 3 0
28.2758 0.348207 0.314474 4 3 0
28.2525 0.349159 0.314154 4 3 0
28.2175 0.350365 0.313933 4 3 0
28.1649 0.351915 0.313902 4 3 0
28.0861 0.353928 0.314215 4 3 0
27.9678 0.356561 0.315124 4 3 0
27.7904 0.359979 0.317078 4 3 0
27.5243 0.364281 0.32093 4 3 0
27.1249 0.369044 0.328653 4 3 0
26.6856 0.371878 0.339807 4 3 0
26.2027 0.363322 0.363319 4 3 0
26.2027 0.363322 0.363319 4 3 0
31.5669 0.0772894 0.0772894 4 6 0
31.9667 0.0756226 0.0715204 4 6 0
31.9887 0.0754806 0.0712701 4 6 0
32.0217 0.0752666 0.0708992 4 6 0
32.0876 0.0748346 0.070171 4 6 0
32.1865 0.0741784 0.0691133 4 6 0
32.3349 0.0731808 0.0675957 4 6 0
32.5575 0.0716611 0.0654529 4 6 0
32.8915 0.0693342 0.0624283 4 6 0
33.3913 0.0652878 0.0580083 4 6 0
33.8911 0.0608115 0.0536502 4 6 0
34.391 0.0562083 0.0493537 4 6 0
34.8908 0.0515843 0.0451214 4 6 0
35.3907 0.0469873 0.040949 4 6 0
35.8906 0.0424421 0.0368359 4 6 0
36.3905 0.0379637 0.03278 4 6 0
36.8904 0.033557 0.0287813 4 6 0
37.3903 0.0292272 0.0248377 4 6 0
37.8902 0.0249766 0.0209481 4 6 0
38.3901 0.0208051 0.0171114 4 6 0
38.89 0.0167128 0.0133277 4 6 0
39.39 0.0126987 0.00959691 4 6 0
39.8899 0.00876259 0.00591948 4 6 0
40.3898 0.00490296 0.00229661 4 6 0
40.8898 0.00111251 -6.55238e-07 4 6 0
41.3898 1.5709e-10 9.99352e-11 4 6 0
41.8898 1.28064e-12 -1.49029e-15 4 6 0
42.3898 -1.0159e-16 -1.59486e-16 4 6 0
42.8898 1.41691e-18 -1.96105e-22 4 6 0
43.3898 1.64433e-27 1.04748e-27 4 6 0
43.8898 4.89653e-25 4.01893e-29 4 6 0
44.3898 3.38146e-31 -4.95377e-34 4 6 0
44.8898 9.97333e-38 9.96603e-42 4 6 0
45.3898 2.88793e-38 -7.05945e-41 4 6 0
45.8898 4.32494e-49 -3.58464e-45 4 6 0
46.3898 4.01959e-52 -8.4625e-55 4 6 0
46.8898 -3.53636e-55 -2.46937e-52 4 6 0
47.3898 3.15917e-63 -6.13864e-59 4 6 0
47.8898 4.08013e-67 4.34673e-70 4 6 0
48.3898 5.57344e-67 -6.17177e-70 4 6 0
48.8898 2.73821e-77 -7.07273e-75 4 6 0
49.3898 2.57378e-84 -1.84488e-81 4 6 0
49.8898 6.0679e-85 -1.43785e-82 4 6 0
50.3898 3.01238e-89 -4.23733e-92 4 6 0
50.8898 1.44016e-98 -3.30643e-96 4 6 0
51.3898 2.33163e-98 -3.95637e-101 4 6 0
51.8898 2.5058e-105 -1.08417e-107 4 6 0
52.3898 2.59885e-113 -9.51728e-116 4 6 0
52.8898 2.22472e-113 -9.32322e-116 4 6 0
53.3898 2.55935e-121 -7.4147e-124 4 6 0
53.8898 8.07886e-128 -1.91602e-130 4 6 0
54.3898 6.3674e-130 -1.68402e-132 4 6 0
54.8898 4.2726e-139 -1.91378e-136 4 6 0
55.3898 2.03337e-146 -8.72908e-144 4 6 0
55.8898 3.55911e-145 -7.11618e-148 4 6 0
56.3898 3.65238e-155 -1.72722e-152 4 6 0
56.8898 1.15306e-161 -6.47267e-159 4 6 0
57.3898 1.16851e-163 -5.39605e-161 4 6 0
57.8898 1.99314e-167 -2.96785e-170 4 6 0
58.3898 1.42143e-175 -2.77623e-178 4 6 0
58.8898 1.14259e-178 -8.51492e-176 4 6 0
59.3898 1.23573e-183 -2.48166e-186 4 6 0
59.8898 1.82359e-190 -2.19181e-193 4 6 0
60.3898 5.44772e-192 -1.20318e-194 4 6 0
